// MilkShape 3D ASCII

Frames: 30
Frame: 1

Meshes: 3
"Regroup05" 0 0
444
0 13.000000 -1.000000 2.000000 0.000000 0.000000 -1
0 12.000000 -2.000000 3.000000 0.000000 0.000000 -1
0 18.000000 -8.000000 3.000000 0.000000 0.000000 -1
0 18.000000 -8.000000 -3.000000 0.000000 0.000000 -1
0 12.000000 -2.000000 -3.000000 0.000000 0.000000 -1
0 13.000000 -1.000000 -2.000000 0.000000 0.000000 -1
0 0.000000 -8.000000 2.000000 0.000000 0.000000 -1
0 8.000000 -2.000000 3.000000 0.000000 0.000000 -1
0 5.000000 -3.000000 2.000000 0.000000 0.000000 -1
0 8.000000 -2.000000 3.000000 0.000000 0.000000 -1
0 -4.000000 -12.000000 2.000000 0.000000 0.000000 -1
0 -7.000000 -15.000000 2.000000 0.000000 0.000000 -1
0 -8.000000 0.000000 2.000000 0.000000 0.000000 -1
0 -3.000000 5.000000 2.000000 0.000000 0.000000 -1
0 -17.000000 -7.000000 3.000000 0.000000 0.000000 -1
0 5.000000 -3.000000 -2.000000 0.000000 0.000000 -1
0 8.000000 -2.000000 -3.000000 0.000000 0.000000 -1
0 0.000000 -8.000000 -2.000000 0.000000 0.000000 -1
0 -7.000000 -15.000000 -2.000000 0.000000 0.000000 -1
0 -4.000000 -12.000000 -2.000000 0.000000 0.000000 -1
0 8.000000 -2.000000 -3.000000 0.000000 0.000000 -1
0 -17.000000 -7.000000 -3.000000 0.000000 0.000000 -1
0 -3.000000 5.000000 -2.000000 0.000000 0.000000 -1
0 -8.000000 0.000000 -2.000000 0.000000 0.000000 -1
0 -8.000000 -15.000000 3.000000 0.000000 0.000000 -1
0 -8.000000 -17.000000 3.000000 0.000000 0.000000 -1
0 -7.000000 -15.000000 2.000000 0.000000 0.000000 -1
0 -8.000000 -17.000000 3.000000 0.000000 0.000000 -1
0 -7.000000 -17.000000 3.000000 0.000000 0.000000 -1
0 -7.000000 -15.000000 2.000000 0.000000 0.000000 -1
0 -7.000000 -15.000000 2.000000 0.000000 0.000000 -1
0 -7.000000 -14.000000 2.000000 0.000000 0.000000 -1
0 -8.000000 -15.000000 3.000000 0.000000 0.000000 -1
0 -8.000000 -15.000000 3.000000 0.000000 0.000000 -1
0 -7.000000 -14.000000 2.000000 0.000000 0.000000 -1
0 -14.000000 -7.000000 2.000000 0.000000 0.000000 -1
0 -15.000000 -8.000000 3.000000 0.000000 0.000000 -1
0 -8.000000 -15.000000 3.000000 0.000000 0.000000 -1
0 -14.000000 -7.000000 2.000000 0.000000 0.000000 -1
0 -15.000000 -8.000000 3.000000 0.000000 0.000000 -1
0 -14.000000 -7.000000 2.000000 0.000000 0.000000 -1
0 -15.000000 -7.000000 2.000000 0.000000 0.000000 -1
0 -15.000000 -7.000000 2.000000 0.000000 0.000000 -1
0 -17.000000 -8.000000 3.000000 0.000000 0.000000 -1
0 -15.000000 -8.000000 3.000000 0.000000 0.000000 -1
0 -17.000000 -8.000000 3.000000 0.000000 0.000000 -1
0 -15.000000 -7.000000 2.000000 0.000000 0.000000 -1
0 -17.000000 -7.000000 3.000000 0.000000 0.000000 -1
0 -1.000000 7.000000 2.000000 0.000000 0.000000 -1
0 -2.000000 8.000000 3.000000 0.000000 0.000000 -1
0 -17.000000 -7.000000 3.000000 0.000000 0.000000 -1
0 -1.000000 13.000000 2.000000 0.000000 0.000000 -1
0 -2.000000 12.000000 3.000000 0.000000 0.000000 -1
0 -2.000000 8.000000 3.000000 0.000000 0.000000 -1
0 -1.000000 13.000000 2.000000 0.000000 0.000000 -1
0 -7.000000 19.000000 2.000000 0.000000 0.000000 -1
0 -2.000000 12.000000 3.000000 0.000000 0.000000 -1
0 -2.000000 12.000000 3.000000 0.000000 0.000000 -1
0 -7.000000 19.000000 2.000000 0.000000 0.000000 -1
0 -8.000000 18.000000 3.000000 0.000000 0.000000 -1
0 -8.000000 20.000000 3.000000 0.000000 0.000000 -1
0 -8.000000 18.000000 3.000000 0.000000 0.000000 -1
0 -7.000000 19.000000 2.000000 0.000000 0.000000 -1
0 17.000000 19.000000 2.000000 0.000000 0.000000 -1
0 18.000000 20.000000 3.000000 0.000000 0.000000 -1
0 -8.000000 20.000000 3.000000 0.000000 0.000000 -1
0 -7.000000 19.000000 2.000000 0.000000 0.000000 -1
0 17.000000 19.000000 2.000000 0.000000 0.000000 -1
0 -8.000000 20.000000 3.000000 0.000000 0.000000 -1
0 20.000000 18.000000 3.000000 0.000000 0.000000 -1
0 18.000000 20.000000 3.000000 0.000000 0.000000 -1
0 17.000000 19.000000 2.000000 0.000000 0.000000 -1
0 17.000000 19.000000 2.000000 0.000000 0.000000 -1
0 19.000000 17.000000 2.000000 0.000000 0.000000 -1
0 20.000000 18.000000 3.000000 0.000000 0.000000 -1
0 19.000000 -7.000000 2.000000 0.000000 0.000000 -1
0 20.000000 -8.000000 3.000000 0.000000 0.000000 -1
0 20.000000 18.000000 3.000000 0.000000 0.000000 -1
0 20.000000 18.000000 3.000000 0.000000 0.000000 -1
0 19.000000 17.000000 2.000000 0.000000 0.000000 -1
0 19.000000 -7.000000 2.000000 0.000000 0.000000 -1
0 18.000000 -8.000000 3.000000 0.000000 0.000000 -1
0 20.000000 -8.000000 3.000000 0.000000 0.000000 -1
0 19.000000 -7.000000 2.000000 0.000000 0.000000 -1
0 18.000000 -8.000000 3.000000 0.000000 0.000000 -1
0 19.000000 -7.000000 2.000000 0.000000 0.000000 -1
0 13.000000 -1.000000 2.000000 0.000000 0.000000 -1
0 7.000000 -1.000000 2.000000 0.000000 0.000000 -1
0 8.000000 -2.000000 3.000000 0.000000 0.000000 -1
0 12.000000 -2.000000 3.000000 0.000000 0.000000 -1
0 -7.000000 -15.000000 2.000000 0.000000 0.000000 -1
0 -7.000000 -17.000000 3.000000 0.000000 0.000000 -1
0 8.000000 -2.000000 3.000000 0.000000 0.000000 -1
0 12.000000 -2.000000 3.000000 0.000000 0.000000 -1
0 9.000000 -1.000000 2.000000 0.000000 0.000000 -1
0 7.000000 -1.000000 2.000000 0.000000 0.000000 -1
0 12.000000 -2.000000 3.000000 0.000000 0.000000 -1
0 13.000000 -1.000000 2.000000 0.000000 0.000000 -1
0 9.000000 -1.000000 2.000000 0.000000 0.000000 -1
0 8.000000 -2.000000 3.000000 0.000000 0.000000 -1
0 7.000000 -1.000000 2.000000 0.000000 0.000000 -1
0 5.000000 -3.000000 2.000000 0.000000 0.000000 -1
0 0.000000 -8.000000 2.000000 0.000000 0.000000 -1
0 -4.000000 -12.000000 2.000000 0.000000 0.000000 -1
0 8.000000 -2.000000 3.000000 0.000000 0.000000 -1
0 -12.000000 -4.000000 2.000000 0.000000 0.000000 -1
0 -17.000000 -7.000000 3.000000 0.000000 0.000000 -1
0 -15.000000 -7.000000 2.000000 0.000000 0.000000 -1
0 -17.000000 -7.000000 3.000000 0.000000 0.000000 -1
0 -12.000000 -4.000000 2.000000 0.000000 0.000000 -1
0 -8.000000 0.000000 2.000000 0.000000 0.000000 -1
0 -17.000000 -7.000000 3.000000 0.000000 0.000000 -1
0 -3.000000 5.000000 2.000000 0.000000 0.000000 -1
0 -1.000000 7.000000 2.000000 0.000000 0.000000 -1
0 -2.000000 8.000000 3.000000 0.000000 0.000000 -1
0 -1.000000 7.000000 2.000000 0.000000 0.000000 -1
0 -1.000000 9.000000 2.000000 0.000000 0.000000 -1
0 -1.000000 9.000000 2.000000 0.000000 0.000000 -1
0 -1.000000 13.000000 2.000000 0.000000 0.000000 -1
0 -2.000000 8.000000 3.000000 0.000000 0.000000 -1
0 -7.000000 -15.000000 -2.000000 0.000000 0.000000 -1
0 -8.000000 -17.000000 -3.000000 0.000000 0.000000 -1
0 -8.000000 -15.000000 -3.000000 0.000000 0.000000 -1
0 -7.000000 -15.000000 -2.000000 0.000000 0.000000 -1
0 -7.000000 -17.000000 -3.000000 0.000000 0.000000 -1
0 -8.000000 -17.000000 -3.000000 0.000000 0.000000 -1
0 -8.000000 -15.000000 -3.000000 0.000000 0.000000 -1
0 -7.000000 -14.000000 -2.000000 0.000000 0.000000 -1
0 -7.000000 -15.000000 -2.000000 0.000000 0.000000 -1
0 -14.000000 -7.000000 -2.000000 0.000000 0.000000 -1
0 -7.000000 -14.000000 -2.000000 0.000000 0.000000 -1
0 -8.000000 -15.000000 -3.000000 0.000000 0.000000 -1
0 -14.000000 -7.000000 -2.000000 0.000000 0.000000 -1
0 -8.000000 -15.000000 -3.000000 0.000000 0.000000 -1
0 -15.000000 -8.000000 -3.000000 0.000000 0.000000 -1
0 -15.000000 -7.000000 -2.000000 0.000000 0.000000 -1
0 -14.000000 -7.000000 -2.000000 0.000000 0.000000 -1
0 -15.000000 -8.000000 -3.000000 0.000000 0.000000 -1
0 -15.000000 -8.000000 -3.000000 0.000000 0.000000 -1
0 -17.000000 -8.000000 -3.000000 0.000000 0.000000 -1
0 -15.000000 -7.000000 -2.000000 0.000000 0.000000 -1
0 -17.000000 -7.000000 -3.000000 0.000000 0.000000 -1
0 -15.000000 -7.000000 -2.000000 0.000000 0.000000 -1
0 -17.000000 -8.000000 -3.000000 0.000000 0.000000 -1
0 -17.000000 -7.000000 -3.000000 0.000000 0.000000 -1
0 -2.000000 8.000000 -3.000000 0.000000 0.000000 -1
0 -1.000000 7.000000 -2.000000 0.000000 0.000000 -1
0 -2.000000 8.000000 -3.000000 0.000000 0.000000 -1
0 -2.000000 12.000000 -3.000000 0.000000 0.000000 -1
0 -1.000000 13.000000 -2.000000 0.000000 0.000000 -1
0 -2.000000 12.000000 -3.000000 0.000000 0.000000 -1
0 -7.000000 19.000000 -2.000000 0.000000 0.000000 -1
0 -1.000000 13.000000 -2.000000 0.000000 0.000000 -1
0 -8.000000 18.000000 -3.000000 0.000000 0.000000 -1
0 -7.000000 19.000000 -2.000000 0.000000 0.000000 -1
0 -2.000000 12.000000 -3.000000 0.000000 0.000000 -1
0 -7.000000 19.000000 -2.000000 0.000000 0.000000 -1
0 -8.000000 18.000000 -3.000000 0.000000 0.000000 -1
0 -8.000000 20.000000 -3.000000 0.000000 0.000000 -1
0 -8.000000 20.000000 -3.000000 0.000000 0.000000 -1
0 18.000000 20.000000 -3.000000 0.000000 0.000000 -1
0 17.000000 19.000000 -2.000000 0.000000 0.000000 -1
0 -8.000000 20.000000 -3.000000 0.000000 0.000000 -1
0 17.000000 19.000000 -2.000000 0.000000 0.000000 -1
0 -7.000000 19.000000 -2.000000 0.000000 0.000000 -1
0 17.000000 19.000000 -2.000000 0.000000 0.000000 -1
0 18.000000 20.000000 -3.000000 0.000000 0.000000 -1
0 20.000000 18.000000 -3.000000 0.000000 0.000000 -1
0 20.000000 18.000000 -3.000000 0.000000 0.000000 -1
0 19.000000 17.000000 -2.000000 0.000000 0.000000 -1
0 17.000000 19.000000 -2.000000 0.000000 0.000000 -1
0 20.000000 18.000000 -3.000000 0.000000 0.000000 -1
0 20.000000 -8.000000 -3.000000 0.000000 0.000000 -1
0 19.000000 -7.000000 -2.000000 0.000000 0.000000 -1
0 19.000000 -7.000000 -2.000000 0.000000 0.000000 -1
0 19.000000 17.000000 -2.000000 0.000000 0.000000 -1
0 20.000000 18.000000 -3.000000 0.000000 0.000000 -1
0 19.000000 -7.000000 -2.000000 0.000000 0.000000 -1
0 20.000000 -8.000000 -3.000000 0.000000 0.000000 -1
0 18.000000 -8.000000 -3.000000 0.000000 0.000000 -1
0 13.000000 -1.000000 -2.000000 0.000000 0.000000 -1
0 19.000000 -7.000000 -2.000000 0.000000 0.000000 -1
0 18.000000 -8.000000 -3.000000 0.000000 0.000000 -1
0 12.000000 -2.000000 -3.000000 0.000000 0.000000 -1
0 8.000000 -2.000000 -3.000000 0.000000 0.000000 -1
0 7.000000 -1.000000 -2.000000 0.000000 0.000000 -1
0 8.000000 -2.000000 -3.000000 0.000000 0.000000 -1
0 -7.000000 -17.000000 -3.000000 0.000000 0.000000 -1
0 -7.000000 -15.000000 -2.000000 0.000000 0.000000 -1
0 7.000000 -1.000000 -2.000000 0.000000 0.000000 -1
0 9.000000 -1.000000 -2.000000 0.000000 0.000000 -1
0 12.000000 -2.000000 -3.000000 0.000000 0.000000 -1
0 9.000000 -1.000000 -2.000000 0.000000 0.000000 -1
0 13.000000 -1.000000 -2.000000 0.000000 0.000000 -1
0 12.000000 -2.000000 -3.000000 0.000000 0.000000 -1
0 5.000000 -3.000000 -2.000000 0.000000 0.000000 -1
0 7.000000 -1.000000 -2.000000 0.000000 0.000000 -1
0 8.000000 -2.000000 -3.000000 0.000000 0.000000 -1
0 8.000000 -2.000000 -3.000000 0.000000 0.000000 -1
0 -4.000000 -12.000000 -2.000000 0.000000 0.000000 -1
0 0.000000 -8.000000 -2.000000 0.000000 0.000000 -1
0 -15.000000 -7.000000 -2.000000 0.000000 0.000000 -1
0 -17.000000 -7.000000 -3.000000 0.000000 0.000000 -1
0 -12.000000 -4.000000 -2.000000 0.000000 0.000000 -1
0 -8.000000 0.000000 -2.000000 0.000000 0.000000 -1
0 -12.000000 -4.000000 -2.000000 0.000000 0.000000 -1
0 -17.000000 -7.000000 -3.000000 0.000000 0.000000 -1
0 -1.000000 7.000000 -2.000000 0.000000 0.000000 -1
0 -3.000000 5.000000 -2.000000 0.000000 0.000000 -1
0 -17.000000 -7.000000 -3.000000 0.000000 0.000000 -1
0 -1.000000 9.000000 -2.000000 0.000000 0.000000 -1
0 -1.000000 7.000000 -2.000000 0.000000 0.000000 -1
0 -2.000000 8.000000 -3.000000 0.000000 0.000000 -1
0 -2.000000 8.000000 -3.000000 0.000000 0.000000 -1
0 -1.000000 13.000000 -2.000000 0.000000 0.000000 -1
0 -1.000000 9.000000 -2.000000 0.000000 0.000000 -1
0 9.000000 -8.000000 3.000000 0.000000 0.000000 -1
0 -8.000000 -25.000000 3.000000 0.000000 0.000000 -1
0 -7.000000 -26.000000 2.000000 0.000000 0.000000 -1
0 10.000000 -9.000000 2.000000 0.000000 0.000000 -1
0 9.000000 -8.000000 3.000000 0.000000 0.000000 -1
0 -7.000000 -26.000000 2.000000 0.000000 0.000000 -1
0 10.000000 -9.000000 2.000000 0.000000 0.000000 -1
0 11.000000 -8.000000 3.000000 0.000000 0.000000 -1
0 9.000000 -8.000000 3.000000 0.000000 0.000000 -1
0 20.000000 -17.000000 3.000000 0.000000 0.000000 -1
0 11.000000 -8.000000 3.000000 0.000000 0.000000 -1
0 10.000000 -9.000000 2.000000 0.000000 0.000000 -1
0 10.000000 -9.000000 2.000000 0.000000 0.000000 -1
0 19.000000 -18.000000 2.000000 0.000000 0.000000 -1
0 20.000000 -17.000000 3.000000 0.000000 0.000000 -1
0 19.000000 -18.000000 2.000000 0.000000 0.000000 -1
0 25.000000 -18.000000 2.000000 0.000000 0.000000 -1
0 24.000000 -17.000000 3.000000 0.000000 0.000000 -1
0 24.000000 -17.000000 3.000000 0.000000 0.000000 -1
0 20.000000 -17.000000 3.000000 0.000000 0.000000 -1
0 19.000000 -18.000000 2.000000 0.000000 0.000000 -1
0 25.000000 -18.000000 2.000000 0.000000 0.000000 -1
0 26.000000 -17.000000 2.000000 0.000000 0.000000 -1
0 25.000000 -16.000000 3.000000 0.000000 0.000000 -1
0 25.000000 -16.000000 3.000000 0.000000 0.000000 -1
0 24.000000 -17.000000 3.000000 0.000000 0.000000 -1
0 25.000000 -18.000000 2.000000 0.000000 0.000000 -1
0 26.000000 24.000000 2.000000 0.000000 0.000000 -1
0 25.000000 23.000000 3.000000 0.000000 0.000000 -1
0 25.000000 -16.000000 3.000000 0.000000 0.000000 -1
0 25.000000 -16.000000 3.000000 0.000000 0.000000 -1
0 26.000000 -17.000000 2.000000 0.000000 0.000000 -1
0 26.000000 24.000000 2.000000 0.000000 0.000000 -1
0 26.000000 24.000000 2.000000 0.000000 0.000000 -1
0 24.000000 26.000000 2.000000 0.000000 0.000000 -1
0 23.000000 25.000000 3.000000 0.000000 0.000000 -1
0 26.000000 24.000000 2.000000 0.000000 0.000000 -1
0 23.000000 25.000000 3.000000 0.000000 0.000000 -1
0 25.000000 23.000000 3.000000 0.000000 0.000000 -1
0 23.000000 25.000000 3.000000 0.000000 0.000000 -1
0 24.000000 26.000000 2.000000 0.000000 0.000000 -1
0 -17.000000 26.000000 2.000000 0.000000 0.000000 -1
0 23.000000 25.000000 3.000000 0.000000 0.000000 -1
0 -17.000000 26.000000 2.000000 0.000000 0.000000 -1
0 -16.000000 25.000000 3.000000 0.000000 0.000000 -1
0 -18.000000 25.000000 2.000000 0.000000 0.000000 -1
0 -17.000000 24.000000 3.000000 0.000000 0.000000 -1
0 -16.000000 25.000000 3.000000 0.000000 0.000000 -1
0 -16.000000 25.000000 3.000000 0.000000 0.000000 -1
0 -17.000000 26.000000 2.000000 0.000000 0.000000 -1
0 -18.000000 25.000000 2.000000 0.000000 0.000000 -1
0 -17.000000 20.000000 3.000000 0.000000 0.000000 -1
0 -17.000000 24.000000 3.000000 0.000000 0.000000 -1
0 -18.000000 25.000000 2.000000 0.000000 0.000000 -1
0 -18.000000 25.000000 2.000000 0.000000 0.000000 -1
0 -18.000000 19.000000 2.000000 0.000000 0.000000 -1
0 -17.000000 20.000000 3.000000 0.000000 0.000000 -1
0 -17.000000 20.000000 3.000000 0.000000 0.000000 -1
0 -18.000000 19.000000 2.000000 0.000000 0.000000 -1
0 -9.000000 10.000000 2.000000 0.000000 0.000000 -1
0 -9.000000 10.000000 2.000000 0.000000 0.000000 -1
0 -8.000000 11.000000 3.000000 0.000000 0.000000 -1
0 -17.000000 20.000000 3.000000 0.000000 0.000000 -1
0 -8.000000 11.000000 3.000000 0.000000 0.000000 -1
0 -9.000000 10.000000 2.000000 0.000000 0.000000 -1
0 -8.000000 9.000000 3.000000 0.000000 0.000000 -1
0 -8.000000 9.000000 3.000000 0.000000 0.000000 -1
0 -9.000000 10.000000 2.000000 0.000000 0.000000 -1
0 -26.000000 -7.000000 2.000000 0.000000 0.000000 -1
0 -26.000000 -7.000000 2.000000 0.000000 0.000000 -1
0 -25.000000 -8.000000 3.000000 0.000000 0.000000 -1
0 -8.000000 9.000000 3.000000 0.000000 0.000000 -1
0 -25.000000 -8.000000 3.000000 0.000000 0.000000 -1
0 -26.000000 -7.000000 2.000000 0.000000 0.000000 -1
0 -26.000000 -12.000000 2.000000 0.000000 0.000000 -1
0 -26.000000 -12.000000 2.000000 0.000000 0.000000 -1
0 -25.000000 -11.000000 3.000000 0.000000 0.000000 -1
0 -25.000000 -8.000000 3.000000 0.000000 0.000000 -1
0 -23.000000 -13.000000 3.000000 0.000000 0.000000 -1
0 -25.000000 -11.000000 3.000000 0.000000 0.000000 -1
0 -26.000000 -12.000000 2.000000 0.000000 0.000000 -1
0 -26.000000 -12.000000 2.000000 0.000000 0.000000 -1
0 -24.000000 -14.000000 2.000000 0.000000 0.000000 -1
0 -23.000000 -13.000000 3.000000 0.000000 0.000000 -1
0 -21.000000 -14.000000 2.000000 0.000000 0.000000 -1
0 -20.000000 -13.000000 3.000000 0.000000 0.000000 -1
0 -23.000000 -13.000000 3.000000 0.000000 0.000000 -1
0 -23.000000 -13.000000 3.000000 0.000000 0.000000 -1
0 -24.000000 -14.000000 2.000000 0.000000 0.000000 -1
0 -21.000000 -14.000000 2.000000 0.000000 0.000000 -1
0 -21.000000 -14.000000 2.000000 0.000000 0.000000 -1
0 -14.000000 -21.000000 2.000000 0.000000 0.000000 -1
0 -13.000000 -20.000000 3.000000 0.000000 0.000000 -1
0 -13.000000 -20.000000 3.000000 0.000000 0.000000 -1
0 -20.000000 -13.000000 3.000000 0.000000 0.000000 -1
0 -21.000000 -14.000000 2.000000 0.000000 0.000000 -1
0 -13.000000 -23.000000 3.000000 0.000000 0.000000 -1
0 -13.000000 -20.000000 3.000000 0.000000 0.000000 -1
0 -14.000000 -21.000000 2.000000 0.000000 0.000000 -1
0 -14.000000 -21.000000 2.000000 0.000000 0.000000 -1
0 -14.000000 -24.000000 2.000000 0.000000 0.000000 -1
0 -13.000000 -23.000000 3.000000 0.000000 0.000000 -1
0 -13.000000 -23.000000 3.000000 0.000000 0.000000 -1
0 -14.000000 -24.000000 2.000000 0.000000 0.000000 -1
0 -12.000000 -26.000000 2.000000 0.000000 0.000000 -1
0 -12.000000 -26.000000 2.000000 0.000000 0.000000 -1
0 -11.000000 -25.000000 3.000000 0.000000 0.000000 -1
0 -13.000000 -23.000000 3.000000 0.000000 0.000000 -1
0 -12.000000 -26.000000 2.000000 0.000000 0.000000 -1
0 -7.000000 -26.000000 2.000000 0.000000 0.000000 -1
0 -8.000000 -25.000000 3.000000 0.000000 0.000000 -1
0 -8.000000 -25.000000 3.000000 0.000000 0.000000 -1
0 -11.000000 -25.000000 3.000000 0.000000 0.000000 -1
0 -12.000000 -26.000000 2.000000 0.000000 0.000000 -1
0 -7.000000 -26.000000 -2.000000 0.000000 0.000000 -1
0 -8.000000 -25.000000 -3.000000 0.000000 0.000000 -1
0 9.000000 -8.000000 -3.000000 0.000000 0.000000 -1
0 -7.000000 -26.000000 -2.000000 0.000000 0.000000 -1
0 9.000000 -8.000000 -3.000000 0.000000 0.000000 -1
0 10.000000 -9.000000 -2.000000 0.000000 0.000000 -1
0 9.000000 -8.000000 -3.000000 0.000000 0.000000 -1
0 11.000000 -8.000000 -3.000000 0.000000 0.000000 -1
0 10.000000 -9.000000 -2.000000 0.000000 0.000000 -1
0 10.000000 -9.000000 -2.000000 0.000000 0.000000 -1
0 11.000000 -8.000000 -3.000000 0.000000 0.000000 -1
0 20.000000 -17.000000 -3.000000 0.000000 0.000000 -1
0 20.000000 -17.000000 -3.000000 0.000000 0.000000 -1
0 19.000000 -18.000000 -2.000000 0.000000 0.000000 -1
0 10.000000 -9.000000 -2.000000 0.000000 0.000000 -1
0 24.000000 -17.000000 -3.000000 0.000000 0.000000 -1
0 25.000000 -18.000000 -2.000000 0.000000 0.000000 -1
0 19.000000 -18.000000 -2.000000 0.000000 0.000000 -1
0 19.000000 -18.000000 -2.000000 0.000000 0.000000 -1
0 20.000000 -17.000000 -3.000000 0.000000 0.000000 -1
0 24.000000 -17.000000 -3.000000 0.000000 0.000000 -1
0 25.000000 -16.000000 -3.000000 0.000000 0.000000 -1
0 26.000000 -17.000000 -2.000000 0.000000 0.000000 -1
0 25.000000 -18.000000 -2.000000 0.000000 0.000000 -1
0 25.000000 -18.000000 -2.000000 0.000000 0.000000 -1
0 24.000000 -17.000000 -3.000000 0.000000 0.000000 -1
0 25.000000 -16.000000 -3.000000 0.000000 0.000000 -1
0 25.000000 -16.000000 -3.000000 0.000000 0.000000 -1
0 25.000000 23.000000 -3.000000 0.000000 0.000000 -1
0 26.000000 24.000000 -2.000000 0.000000 0.000000 -1
0 26.000000 24.000000 -2.000000 0.000000 0.000000 -1
0 26.000000 -17.000000 -2.000000 0.000000 0.000000 -1
0 25.000000 -16.000000 -3.000000 0.000000 0.000000 -1
0 23.000000 25.000000 -3.000000 0.000000 0.000000 -1
0 24.000000 26.000000 -2.000000 0.000000 0.000000 -1
0 26.000000 24.000000 -2.000000 0.000000 0.000000 -1
0 25.000000 23.000000 -3.000000 0.000000 0.000000 -1
0 23.000000 25.000000 -3.000000 0.000000 0.000000 -1
0 26.000000 24.000000 -2.000000 0.000000 0.000000 -1
0 -17.000000 26.000000 -2.000000 0.000000 0.000000 -1
0 24.000000 26.000000 -2.000000 0.000000 0.000000 -1
0 23.000000 25.000000 -3.000000 0.000000 0.000000 -1
0 -16.000000 25.000000 -3.000000 0.000000 0.000000 -1
0 -17.000000 26.000000 -2.000000 0.000000 0.000000 -1
0 23.000000 25.000000 -3.000000 0.000000 0.000000 -1
0 -16.000000 25.000000 -3.000000 0.000000 0.000000 -1
0 -17.000000 24.000000 -3.000000 0.000000 0.000000 -1
0 -18.000000 25.000000 -2.000000 0.000000 0.000000 -1
0 -18.000000 25.000000 -2.000000 0.000000 0.000000 -1
0 -17.000000 26.000000 -2.000000 0.000000 0.000000 -1
0 -16.000000 25.000000 -3.000000 0.000000 0.000000 -1
0 -18.000000 25.000000 -2.000000 0.000000 0.000000 -1
0 -17.000000 24.000000 -3.000000 0.000000 0.000000 -1
0 -17.000000 20.000000 -3.000000 0.000000 0.000000 -1
0 -17.000000 20.000000 -3.000000 0.000000 0.000000 -1
0 -18.000000 19.000000 -2.000000 0.000000 0.000000 -1
0 -18.000000 25.000000 -2.000000 0.000000 0.000000 -1
0 -9.000000 10.000000 -2.000000 0.000000 0.000000 -1
0 -18.000000 19.000000 -2.000000 0.000000 0.000000 -1
0 -17.000000 20.000000 -3.000000 0.000000 0.000000 -1
0 -17.000000 20.000000 -3.000000 0.000000 0.000000 -1
0 -8.000000 11.000000 -3.000000 0.000000 0.000000 -1
0 -9.000000 10.000000 -2.000000 0.000000 0.000000 -1
0 -8.000000 9.000000 -3.000000 0.000000 0.000000 -1
0 -9.000000 10.000000 -2.000000 0.000000 0.000000 -1
0 -8.000000 11.000000 -3.000000 0.000000 0.000000 -1
0 -26.000000 -7.000000 -2.000000 0.000000 0.000000 -1
0 -9.000000 10.000000 -2.000000 0.000000 0.000000 -1
0 -8.000000 9.000000 -3.000000 0.000000 0.000000 -1
0 -8.000000 9.000000 -3.000000 0.000000 0.000000 -1
0 -25.000000 -8.000000 -3.000000 0.000000 0.000000 -1
0 -26.000000 -7.000000 -2.000000 0.000000 0.000000 -1
0 -26.000000 -12.000000 -2.000000 0.000000 0.000000 -1
0 -26.000000 -7.000000 -2.000000 0.000000 0.000000 -1
0 -25.000000 -8.000000 -3.000000 0.000000 0.000000 -1
0 -25.000000 -8.000000 -3.000000 0.000000 0.000000 -1
0 -25.000000 -11.000000 -3.000000 0.000000 0.000000 -1
0 -26.000000 -12.000000 -2.000000 0.000000 0.000000 -1
0 -26.000000 -12.000000 -2.000000 0.000000 0.000000 -1
0 -25.000000 -11.000000 -3.000000 0.000000 0.000000 -1
0 -23.000000 -13.000000 -3.000000 0.000000 0.000000 -1
0 -23.000000 -13.000000 -3.000000 0.000000 0.000000 -1
0 -24.000000 -14.000000 -2.000000 0.000000 0.000000 -1
0 -26.000000 -12.000000 -2.000000 0.000000 0.000000 -1
0 -23.000000 -13.000000 -3.000000 0.000000 0.000000 -1
0 -20.000000 -13.000000 -3.000000 0.000000 0.000000 -1
0 -21.000000 -14.000000 -2.000000 0.000000 0.000000 -1
0 -21.000000 -14.000000 -2.000000 0.000000 0.000000 -1
0 -24.000000 -14.000000 -2.000000 0.000000 0.000000 -1
0 -23.000000 -13.000000 -3.000000 0.000000 0.000000 -1
0 -13.000000 -20.000000 -3.000000 0.000000 0.000000 -1
0 -14.000000 -21.000000 -2.000000 0.000000 0.000000 -1
0 -21.000000 -14.000000 -2.000000 0.000000 0.000000 -1
0 -21.000000 -14.000000 -2.000000 0.000000 0.000000 -1
0 -20.000000 -13.000000 -3.000000 0.000000 0.000000 -1
0 -13.000000 -20.000000 -3.000000 0.000000 0.000000 -1
0 -14.000000 -21.000000 -2.000000 0.000000 0.000000 -1
0 -13.000000 -20.000000 -3.000000 0.000000 0.000000 -1
0 -13.000000 -23.000000 -3.000000 0.000000 0.000000 -1
0 -13.000000 -23.000000 -3.000000 0.000000 0.000000 -1
0 -14.000000 -24.000000 -2.000000 0.000000 0.000000 -1
0 -14.000000 -21.000000 -2.000000 0.000000 0.000000 -1
0 -12.000000 -26.000000 -2.000000 0.000000 0.000000 -1
0 -14.000000 -24.000000 -2.000000 0.000000 0.000000 -1
0 -13.000000 -23.000000 -3.000000 0.000000 0.000000 -1
0 -13.000000 -23.000000 -3.000000 0.000000 0.000000 -1
0 -11.000000 -25.000000 -3.000000 0.000000 0.000000 -1
0 -12.000000 -26.000000 -2.000000 0.000000 0.000000 -1
0 -8.000000 -25.000000 -3.000000 0.000000 0.000000 -1
0 -7.000000 -26.000000 -2.000000 0.000000 0.000000 -1
0 -12.000000 -26.000000 -2.000000 0.000000 0.000000 -1
0 -12.000000 -26.000000 -2.000000 0.000000 0.000000 -1
0 -11.000000 -25.000000 -3.000000 0.000000 0.000000 -1
0 -8.000000 -25.000000 -3.000000 0.000000 0.000000 -1
138
0.437827 0.772886 0.459298
0.063127 0.391146 0.918161
0.145468 0.271446 0.951397
0.145468 0.271446 -0.951397
0.063127 0.391146 -0.918161
0.437827 0.772886 -0.459298
-0.335912 0.608853 0.718653
-0.239901 0.323005 0.915486
-0.756937 0.327299 0.565617
-0.539402 0.325659 0.776526
0.038480 0.561551 0.826547
0.522486 -0.054038 0.850934
0.327299 -0.756937 0.565617
0.323869 -0.265665 0.908037
-0.756937 0.327299 -0.565617
-0.239901 0.323005 -0.915486
-0.335912 0.608853 -0.718653
0.038480 0.561551 -0.826547
-0.539402 0.325659 -0.776526
0.323869 -0.265665 -0.908037
0.327299 -0.756937 -0.565617
0.522486 -0.054038 -0.850934
0.399893 0.146371 0.904799
0.106262 0.067206 0.992064
-0.106590 0.223354 0.968892
0.896575 0.261611 0.357368
0.377955 0.836628 0.396490
0.073504 0.328127 0.941769
0.580860 0.151442 0.799792
0.067206 0.106262 0.992064
0.326137 -0.174776 0.929025
0.391146 -0.063127 0.918161
0.816690 0.258077 0.516153
0.271446 0.145468 0.951397
0.688817 0.122767 0.714465
0.238480 0.087290 0.967216
0.111845 -0.223689 0.968222
-0.328448 -0.831155 0.448669
-0.087290 -0.238480 0.967216
-0.399893 -0.146371 0.904799
-0.896575 -0.261611 0.357368
-0.351696 0.493474 0.795483
-0.128430 0.128430 0.983368
-0.073504 0.328127 0.941769
0.431479 0.736580 0.520841
0.653282 0.382683 0.653282
0.106262 0.067206 -0.992064
0.399893 0.146371 -0.904799
-0.106590 0.223354 -0.968892
0.896575 0.261611 -0.357368
0.377955 0.836628 -0.396490
0.073504 0.328127 -0.941769
0.580860 0.151442 -0.799792
0.067206 0.106262 -0.992064
0.391146 -0.063127 -0.918161
0.326137 -0.174776 -0.929025
0.271446 0.145468 -0.951397
0.816690 0.258077 -0.516153
0.688817 0.122767 -0.714465
0.238480 0.087290 -0.967216
0.111845 -0.223689 -0.968222
-0.087290 -0.238480 -0.967216
-0.328448 -0.831155 -0.448669
-0.399893 -0.146371 -0.904799
-0.896575 -0.261611 -0.357368
-0.128430 0.128430 -0.983368
-0.351696 0.493474 -0.795483
-0.073504 0.328127 -0.941769
0.431479 0.736580 -0.520841
0.653282 0.382683 -0.653282
0.145468 -0.271447 0.951397
0.062763 -0.280181 0.957893
0.300564 -0.834598 0.461635
-0.071293 -0.831294 0.551241
-0.145468 -0.271447 0.951397
-0.215703 -0.875991 0.431406
0.356796 -0.756565 0.548002
0.088278 -0.394080 0.914827
0.829612 -0.428363 0.358118
0.343343 -0.125672 0.930764
0.831155 0.328448 0.448669
0.261611 0.896575 0.357368
0.125672 0.343343 0.930764
-0.355729 0.826964 0.435416
-0.145468 0.271446 0.951397
-0.756249 0.292605 0.585209
-0.299956 0.109792 0.947614
-0.343343 -0.125672 0.930764
-0.885605 -0.356321 0.297890
-0.724553 -0.088402 0.683526
-0.238480 -0.087290 0.967216
-0.271446 0.145468 0.951397
-0.772886 0.437827 0.459298
-0.280181 0.062763 0.957893
-0.831155 -0.328448 0.448669
-0.299956 -0.109792 0.947614
-0.146371 -0.399893 0.904799
-0.328448 -0.831155 0.448669
-0.816690 -0.258077 0.516153
-0.231849 -0.124248 0.964784
-0.399893 -0.146371 0.904799
-0.372630 -0.775914 0.509022
-0.109792 -0.299956 0.947614
0.437827 -0.772886 -0.459298
0.062763 -0.280181 -0.957893
0.145468 -0.271447 -0.951397
-0.088402 -0.724553 -0.683526
-0.145468 -0.271447 -0.951397
-0.355729 -0.826964 -0.435416
0.088278 -0.394080 -0.914827
0.377955 -0.836628 -0.396490
0.343343 -0.125672 -0.930764
0.896575 -0.261611 -0.357368
0.756249 0.292605 -0.585209
0.125672 0.343343 -0.930764
0.428363 0.829612 -0.358118
-0.215703 0.875992 -0.431406
-0.145468 0.271446 -0.951397
-0.299956 0.109792 -0.947614
-0.831155 0.328448 -0.448669
-0.343343 -0.125672 -0.930764
-0.831155 -0.328448 -0.448669
-0.831294 -0.071293 -0.551241
-0.238480 -0.087290 -0.967216
-0.271446 0.145468 -0.951397
-0.834598 0.300564 -0.461635
-0.280181 0.062763 -0.957893
-0.756249 -0.292605 -0.585209
-0.299956 -0.109792 -0.947614
-0.146371 -0.399893 -0.904799
-0.356321 -0.885605 -0.297890
-0.292605 -0.756249 -0.585209
-0.231849 -0.124248 -0.964784
-0.876191 -0.304931 -0.373238
-0.399893 -0.146371 -0.904799
-0.829612 -0.428363 -0.358118
-0.253973 -0.823097 -0.507946
-0.109792 -0.299956 -0.947614
148
0 0 1 2 0 1 2 1
0 3 4 5 3 4 5 1
0 6 7 8 6 7 8 1
0 9 10 11 7 9 10 1
0 12 13 14 11 12 13 1
0 15 16 17 14 15 16 1
0 18 19 20 17 18 15 1
0 21 22 23 19 20 21 1
0 24 25 26 22 23 10 1
0 27 28 29 23 24 10 1
0 30 31 32 10 25 22 1
0 33 34 35 22 25 26 1
0 36 37 38 27 22 26 1
0 39 40 41 27 26 28 1
0 42 43 44 28 29 27 1
0 45 46 47 29 28 13 1
0 48 49 50 30 31 13 1
0 51 52 53 32 33 31 1
0 54 55 56 32 34 33 1
0 57 58 59 33 34 35 1
0 60 61 62 36 35 34 1
0 63 64 65 37 38 36 1
0 66 67 68 34 37 36 1
0 69 70 71 39 38 37 1
0 72 73 74 37 40 39 1
0 75 76 77 41 42 39 1
0 78 79 80 39 40 41 1
0 81 82 83 2 42 41 1
0 84 85 86 2 41 0 1
0 87 88 89 43 7 1 1
0 90 91 92 10 24 7 1
0 93 94 95 1 44 43 1
0 96 97 98 1 0 44 1
0 99 100 101 7 43 8 1
0 102 103 104 6 9 7 1
0 105 106 107 12 13 28 1
0 108 109 110 13 12 11 1
0 111 112 113 13 12 30 1
0 114 115 116 31 30 45 1
0 117 118 119 45 32 31 1
0 120 121 122 17 46 47 1
0 123 124 125 17 48 46 1
0 126 127 128 47 49 17 1
0 129 130 131 50 49 47 1
0 132 133 134 50 47 51 1
0 135 136 137 52 50 51 1
0 138 139 140 51 53 52 1
0 141 142 143 19 52 53 1
0 144 145 146 19 54 55 1
0 147 148 149 54 56 57 1
0 150 151 152 56 58 57 1
0 153 154 155 59 58 56 1
0 156 157 158 58 59 60 1
0 159 160 161 60 61 62 1
0 162 163 164 60 62 58 1
0 165 166 167 62 61 63 1
0 168 169 170 63 64 62 1
0 171 172 173 63 65 66 1
0 174 175 176 66 64 63 1
0 177 178 179 66 65 3 1
0 180 181 182 5 66 3 1
0 183 184 185 4 15 67 1
0 186 187 188 15 48 17 1
0 189 190 191 67 68 4 1
0 192 193 194 68 5 4 1
0 195 196 197 14 67 15 1
0 198 199 200 15 18 16 1
0 201 202 203 52 19 20 1
0 204 205 206 21 20 19 1
0 207 208 209 55 20 19 1
0 210 211 212 69 55 54 1
0 213 214 215 54 57 69 1
0 216 217 218 70 71 72 1
0 219 220 221 73 70 72 1
0 222 223 224 73 38 70 1
0 225 226 227 74 38 73 1
0 228 229 230 73 75 74 1
0 231 232 233 75 76 77 1
0 234 235 236 77 74 75 1
0 237 238 239 76 78 79 1
0 240 241 242 79 77 76 1
0 243 244 245 80 22 79 1
0 246 247 248 79 78 80 1
0 249 250 251 80 81 82 1
0 252 253 254 80 82 22 1
0 255 256 257 82 81 83 1
0 258 259 260 82 83 84 1
0 261 262 263 85 86 84 1
0 264 265 266 84 83 85 1
0 267 268 269 87 86 85 1
0 270 271 272 85 88 87 1
0 273 274 275 87 88 89 1
0 276 277 278 89 90 87 1
0 279 280 281 90 89 91 1
0 282 283 284 91 89 92 1
0 285 286 287 92 93 91 1
0 288 289 290 93 92 94 1
0 291 292 293 94 95 93 1
0 294 295 296 96 95 94 1
0 297 298 299 94 97 96 1
0 300 301 302 37 38 96 1
0 303 304 305 96 97 37 1
0 306 307 308 37 98 99 1
0 309 310 311 99 38 37 1
0 312 313 314 100 99 98 1
0 315 316 317 98 40 100 1
0 318 319 320 100 40 101 1
0 321 322 323 101 102 100 1
0 324 325 326 101 72 71 1
0 327 328 329 71 102 101 1
0 330 331 332 103 104 105 1
0 333 334 335 103 105 106 1
0 336 337 338 105 61 106 1
0 339 340 341 106 61 107 1
0 342 343 344 107 108 106 1
0 345 346 347 109 110 108 1
0 348 349 350 108 107 109 1
0 351 352 353 111 112 110 1
0 354 355 356 110 109 111 1
0 357 358 359 111 47 113 1
0 360 361 362 113 112 111 1
0 363 364 365 114 115 113 1
0 366 367 368 47 114 113 1
0 369 370 371 116 115 114 1
0 372 373 374 117 116 114 1
0 375 376 377 117 118 119 1
0 378 379 380 119 116 117 1
0 381 382 383 119 118 120 1
0 384 385 386 120 121 119 1
0 387 388 389 122 121 120 1
0 390 391 392 120 123 122 1
0 393 394 395 124 122 123 1
0 396 397 398 125 122 124 1
0 399 400 401 124 126 125 1
0 402 403 404 127 125 126 1
0 405 406 407 126 128 127 1
0 408 409 410 127 128 129 1
0 411 412 413 129 130 127 1
0 414 415 416 129 61 131 1
0 417 418 419 131 130 129 1
0 420 421 422 132 133 131 1
0 423 424 425 131 61 132 1
0 426 427 428 133 132 134 1
0 429 430 431 134 135 133 1
0 432 433 434 136 135 134 1
0 435 436 437 134 137 136 1
0 438 439 440 104 103 136 1
0 441 442 443 136 137 104 1
"Regroup06" 0 1
720
0 19.000000 -7.000000 1.000000 0.000000 0.000000 -1
0 13.000000 -1.000000 1.000000 0.000000 0.000000 -1
0 13.000000 -1.000000 2.000000 0.000000 0.000000 -1
0 13.000000 -1.000000 -2.000000 0.000000 0.000000 -1
0 13.000000 -1.000000 -1.000000 0.000000 0.000000 -1
0 19.000000 -7.000000 -1.000000 0.000000 0.000000 -1
0 20.000000 18.000000 3.000000 0.000000 0.000000 -1
0 25.000000 23.000000 3.000000 0.000000 0.000000 -1
0 23.000000 25.000000 3.000000 0.000000 0.000000 -1
0 23.000000 25.000000 3.000000 0.000000 0.000000 -1
0 18.000000 20.000000 3.000000 0.000000 0.000000 -1
0 20.000000 18.000000 3.000000 0.000000 0.000000 -1
0 18.000000 20.000000 3.000000 0.000000 0.000000 -1
0 23.000000 25.000000 3.000000 0.000000 0.000000 -1
0 -16.000000 25.000000 3.000000 0.000000 0.000000 -1
0 -16.000000 25.000000 3.000000 0.000000 0.000000 -1
0 -8.000000 20.000000 3.000000 0.000000 0.000000 -1
0 18.000000 20.000000 3.000000 0.000000 0.000000 -1
0 -16.000000 25.000000 3.000000 0.000000 0.000000 -1
0 -17.000000 24.000000 3.000000 0.000000 0.000000 -1
0 -8.000000 20.000000 3.000000 0.000000 0.000000 -1
0 -8.000000 20.000000 3.000000 0.000000 0.000000 -1
0 -17.000000 24.000000 3.000000 0.000000 0.000000 -1
0 -17.000000 20.000000 3.000000 0.000000 0.000000 -1
0 -17.000000 20.000000 3.000000 0.000000 0.000000 -1
0 -8.000000 18.000000 3.000000 0.000000 0.000000 -1
0 -8.000000 20.000000 3.000000 0.000000 0.000000 -1
0 -8.000000 18.000000 3.000000 0.000000 0.000000 -1
0 -17.000000 20.000000 3.000000 0.000000 0.000000 -1
0 -8.000000 11.000000 3.000000 0.000000 0.000000 -1
0 -8.000000 11.000000 3.000000 0.000000 0.000000 -1
0 -2.000000 12.000000 3.000000 0.000000 0.000000 -1
0 -8.000000 18.000000 3.000000 0.000000 0.000000 -1
0 -2.000000 12.000000 3.000000 0.000000 0.000000 -1
0 -8.000000 11.000000 3.000000 0.000000 0.000000 -1
0 -8.000000 9.000000 3.000000 0.000000 0.000000 -1
0 -8.000000 9.000000 3.000000 0.000000 0.000000 -1
0 -2.000000 8.000000 3.000000 0.000000 0.000000 -1
0 -2.000000 12.000000 3.000000 0.000000 0.000000 -1
0 -2.000000 8.000000 3.000000 0.000000 0.000000 -1
0 -8.000000 9.000000 3.000000 0.000000 0.000000 -1
0 -25.000000 -8.000000 3.000000 0.000000 0.000000 -1
0 -17.000000 -7.000000 3.000000 0.000000 0.000000 -1
0 -2.000000 8.000000 3.000000 0.000000 0.000000 -1
0 -25.000000 -8.000000 3.000000 0.000000 0.000000 -1
0 -25.000000 -8.000000 3.000000 0.000000 0.000000 -1
0 -17.000000 -8.000000 3.000000 0.000000 0.000000 -1
0 -17.000000 -7.000000 3.000000 0.000000 0.000000 -1
0 -25.000000 -11.000000 3.000000 0.000000 0.000000 -1
0 -17.000000 -8.000000 3.000000 0.000000 0.000000 -1
0 -25.000000 -8.000000 3.000000 0.000000 0.000000 -1
0 -25.000000 -11.000000 3.000000 0.000000 0.000000 -1
0 -23.000000 -13.000000 3.000000 0.000000 0.000000 -1
0 -17.000000 -8.000000 3.000000 0.000000 0.000000 -1
0 -17.000000 -8.000000 3.000000 0.000000 0.000000 -1
0 -23.000000 -13.000000 3.000000 0.000000 0.000000 -1
0 -20.000000 -13.000000 3.000000 0.000000 0.000000 -1
0 -20.000000 -13.000000 3.000000 0.000000 0.000000 -1
0 -15.000000 -8.000000 3.000000 0.000000 0.000000 -1
0 -17.000000 -8.000000 3.000000 0.000000 0.000000 -1
0 25.000000 -16.000000 3.000000 0.000000 0.000000 -1
0 25.000000 23.000000 3.000000 0.000000 0.000000 -1
0 20.000000 18.000000 3.000000 0.000000 0.000000 -1
0 20.000000 18.000000 3.000000 0.000000 0.000000 -1
0 20.000000 -8.000000 3.000000 0.000000 0.000000 -1
0 25.000000 -16.000000 3.000000 0.000000 0.000000 -1
0 20.000000 -8.000000 3.000000 0.000000 0.000000 -1
0 24.000000 -17.000000 3.000000 0.000000 0.000000 -1
0 25.000000 -16.000000 3.000000 0.000000 0.000000 -1
0 20.000000 -17.000000 3.000000 0.000000 0.000000 -1
0 24.000000 -17.000000 3.000000 0.000000 0.000000 -1
0 20.000000 -8.000000 3.000000 0.000000 0.000000 -1
0 20.000000 -8.000000 3.000000 0.000000 0.000000 -1
0 18.000000 -8.000000 3.000000 0.000000 0.000000 -1
0 20.000000 -17.000000 3.000000 0.000000 0.000000 -1
0 11.000000 -8.000000 3.000000 0.000000 0.000000 -1
0 20.000000 -17.000000 3.000000 0.000000 0.000000 -1
0 18.000000 -8.000000 3.000000 0.000000 0.000000 -1
0 18.000000 -8.000000 3.000000 0.000000 0.000000 -1
0 12.000000 -2.000000 3.000000 0.000000 0.000000 -1
0 11.000000 -8.000000 3.000000 0.000000 0.000000 -1
0 9.000000 -8.000000 3.000000 0.000000 0.000000 -1
0 11.000000 -8.000000 3.000000 0.000000 0.000000 -1
0 12.000000 -2.000000 3.000000 0.000000 0.000000 -1
0 12.000000 -2.000000 3.000000 0.000000 0.000000 -1
0 8.000000 -2.000000 3.000000 0.000000 0.000000 -1
0 9.000000 -8.000000 3.000000 0.000000 0.000000 -1
0 -8.000000 -25.000000 3.000000 0.000000 0.000000 -1
0 9.000000 -8.000000 3.000000 0.000000 0.000000 -1
0 8.000000 -2.000000 3.000000 0.000000 0.000000 -1
0 -8.000000 -25.000000 3.000000 0.000000 0.000000 -1
0 8.000000 -2.000000 3.000000 0.000000 0.000000 -1
0 -7.000000 -17.000000 3.000000 0.000000 0.000000 -1
0 -7.000000 -17.000000 3.000000 0.000000 0.000000 -1
0 -8.000000 -17.000000 3.000000 0.000000 0.000000 -1
0 -8.000000 -25.000000 3.000000 0.000000 0.000000 -1
0 -8.000000 -25.000000 3.000000 0.000000 0.000000 -1
0 -8.000000 -17.000000 3.000000 0.000000 0.000000 -1
0 -11.000000 -25.000000 3.000000 0.000000 0.000000 -1
0 -8.000000 -17.000000 3.000000 0.000000 0.000000 -1
0 -13.000000 -23.000000 3.000000 0.000000 0.000000 -1
0 -11.000000 -25.000000 3.000000 0.000000 0.000000 -1
0 -13.000000 -20.000000 3.000000 0.000000 0.000000 -1
0 -13.000000 -23.000000 3.000000 0.000000 0.000000 -1
0 -8.000000 -17.000000 3.000000 0.000000 0.000000 -1
0 -8.000000 -17.000000 3.000000 0.000000 0.000000 -1
0 -8.000000 -15.000000 3.000000 0.000000 0.000000 -1
0 -13.000000 -20.000000 3.000000 0.000000 0.000000 -1
0 -15.000000 -8.000000 3.000000 0.000000 0.000000 -1
0 -20.000000 -13.000000 3.000000 0.000000 0.000000 -1
0 -13.000000 -20.000000 3.000000 0.000000 0.000000 -1
0 -13.000000 -20.000000 3.000000 0.000000 0.000000 -1
0 -8.000000 -15.000000 3.000000 0.000000 0.000000 -1
0 -15.000000 -8.000000 3.000000 0.000000 0.000000 -1
0 -4.000000 -12.000000 2.000000 0.000000 0.000000 -1
0 0.000000 -8.000000 2.000000 0.000000 0.000000 -1
0 0.000000 -4.000000 2.000000 0.000000 0.000000 -1
0 0.000000 -4.000000 2.000000 0.000000 0.000000 -1
0 -4.000000 -7.000000 2.000000 0.000000 0.000000 -1
0 -4.000000 -12.000000 2.000000 0.000000 0.000000 -1
0 -4.000000 -7.000000 2.000000 0.000000 0.000000 -1
0 0.000000 -4.000000 2.000000 0.000000 0.000000 -1
0 -4.000000 0.000000 2.000000 0.000000 0.000000 -1
0 -4.000000 0.000000 2.000000 0.000000 0.000000 -1
0 -7.000000 -4.000000 2.000000 0.000000 0.000000 -1
0 -4.000000 -7.000000 2.000000 0.000000 0.000000 -1
0 -7.000000 -4.000000 2.000000 0.000000 0.000000 -1
0 -4.000000 0.000000 2.000000 0.000000 0.000000 -1
0 -8.000000 0.000000 2.000000 0.000000 0.000000 -1
0 -8.000000 0.000000 2.000000 0.000000 0.000000 -1
0 -12.000000 -4.000000 2.000000 0.000000 0.000000 -1
0 -7.000000 -4.000000 2.000000 0.000000 0.000000 -1
0 9.000000 4.000000 2.000000 0.000000 0.000000 -1
0 5.000000 1.000000 2.000000 0.000000 0.000000 -1
0 7.000000 -1.000000 2.000000 0.000000 0.000000 -1
0 7.000000 -1.000000 2.000000 0.000000 0.000000 -1
0 5.000000 1.000000 2.000000 0.000000 0.000000 -1
0 5.000000 -3.000000 2.000000 0.000000 0.000000 -1
0 5.000000 1.000000 2.000000 0.000000 0.000000 -1
0 9.000000 4.000000 2.000000 0.000000 0.000000 -1
0 4.000000 9.000000 2.000000 0.000000 0.000000 -1
0 4.000000 9.000000 2.000000 0.000000 0.000000 -1
0 1.000000 5.000000 2.000000 0.000000 0.000000 -1
0 5.000000 1.000000 2.000000 0.000000 0.000000 -1
0 1.000000 5.000000 2.000000 0.000000 0.000000 -1
0 4.000000 9.000000 2.000000 0.000000 0.000000 -1
0 -1.000000 9.000000 2.000000 0.000000 0.000000 -1
0 -1.000000 7.000000 2.000000 0.000000 0.000000 -1
0 1.000000 5.000000 2.000000 0.000000 0.000000 -1
0 -1.000000 9.000000 2.000000 0.000000 0.000000 -1
0 1.000000 5.000000 2.000000 0.000000 0.000000 -1
0 -1.000000 7.000000 2.000000 0.000000 0.000000 -1
0 -3.000000 5.000000 2.000000 0.000000 0.000000 -1
0 4.000000 9.000000 1.000000 0.000000 0.000000 -1
0 -1.000000 9.000000 1.000000 0.000000 0.000000 -1
0 -1.000000 9.000000 2.000000 0.000000 0.000000 -1
0 -1.000000 9.000000 2.000000 0.000000 0.000000 -1
0 4.000000 9.000000 2.000000 0.000000 0.000000 -1
0 4.000000 9.000000 1.000000 0.000000 0.000000 -1
0 4.000000 9.000000 1.000000 0.000000 0.000000 -1
0 4.000000 9.000000 2.000000 0.000000 0.000000 -1
0 9.000000 4.000000 2.000000 0.000000 0.000000 -1
0 9.000000 4.000000 2.000000 0.000000 0.000000 -1
0 9.000000 4.000000 1.000000 0.000000 0.000000 -1
0 4.000000 9.000000 1.000000 0.000000 0.000000 -1
0 9.000000 -1.000000 2.000000 0.000000 0.000000 -1
0 9.000000 -1.000000 1.000000 0.000000 0.000000 -1
0 9.000000 4.000000 1.000000 0.000000 0.000000 -1
0 9.000000 4.000000 1.000000 0.000000 0.000000 -1
0 9.000000 4.000000 2.000000 0.000000 0.000000 -1
0 9.000000 -1.000000 2.000000 0.000000 0.000000 -1
0 9.000000 -1.000000 2.000000 0.000000 0.000000 -1
0 13.000000 -1.000000 2.000000 0.000000 0.000000 -1
0 13.000000 -1.000000 1.000000 0.000000 0.000000 -1
0 13.000000 -1.000000 1.000000 0.000000 0.000000 -1
0 9.000000 -1.000000 1.000000 0.000000 0.000000 -1
0 9.000000 -1.000000 2.000000 0.000000 0.000000 -1
0 13.000000 -1.000000 2.000000 0.000000 0.000000 -1
0 19.000000 -7.000000 2.000000 0.000000 0.000000 -1
0 19.000000 -7.000000 1.000000 0.000000 0.000000 -1
0 19.000000 -7.000000 1.000000 0.000000 0.000000 -1
0 19.000000 -7.000000 2.000000 0.000000 0.000000 -1
0 19.000000 17.000000 2.000000 0.000000 0.000000 -1
0 19.000000 17.000000 2.000000 0.000000 0.000000 -1
0 19.000000 17.000000 1.000000 0.000000 0.000000 -1
0 19.000000 -7.000000 1.000000 0.000000 0.000000 -1
0 19.000000 17.000000 1.000000 0.000000 0.000000 -1
0 19.000000 17.000000 2.000000 0.000000 0.000000 -1
0 17.000000 19.000000 2.000000 0.000000 0.000000 -1
0 17.000000 19.000000 1.000000 0.000000 0.000000 -1
0 19.000000 17.000000 1.000000 0.000000 0.000000 -1
0 17.000000 19.000000 2.000000 0.000000 0.000000 -1
0 17.000000 19.000000 2.000000 0.000000 0.000000 -1
0 -7.000000 19.000000 2.000000 0.000000 0.000000 -1
0 -7.000000 19.000000 1.000000 0.000000 0.000000 -1
0 -7.000000 19.000000 1.000000 0.000000 0.000000 -1
0 17.000000 19.000000 1.000000 0.000000 0.000000 -1
0 17.000000 19.000000 2.000000 0.000000 0.000000 -1
0 -1.000000 13.000000 1.000000 0.000000 0.000000 -1
0 -7.000000 19.000000 1.000000 0.000000 0.000000 -1
0 -7.000000 19.000000 2.000000 0.000000 0.000000 -1
0 -7.000000 19.000000 2.000000 0.000000 0.000000 -1
0 -1.000000 13.000000 2.000000 0.000000 0.000000 -1
0 -1.000000 13.000000 1.000000 0.000000 0.000000 -1
0 -1.000000 13.000000 1.000000 0.000000 0.000000 -1
0 -1.000000 13.000000 2.000000 0.000000 0.000000 -1
0 -1.000000 9.000000 2.000000 0.000000 0.000000 -1
0 -1.000000 9.000000 2.000000 0.000000 0.000000 -1
0 -1.000000 9.000000 1.000000 0.000000 0.000000 -1
0 -1.000000 13.000000 1.000000 0.000000 0.000000 -1
0 1.000000 5.000000 1.000000 0.000000 0.000000 -1
0 1.000000 5.000000 2.000000 0.000000 0.000000 -1
0 -3.000000 5.000000 2.000000 0.000000 0.000000 -1
0 -3.000000 5.000000 2.000000 0.000000 0.000000 -1
0 -3.000000 5.000000 1.000000 0.000000 0.000000 -1
0 1.000000 5.000000 1.000000 0.000000 0.000000 -1
0 1.000000 5.000000 1.000000 0.000000 0.000000 -1
0 5.000000 1.000000 1.000000 0.000000 0.000000 -1
0 5.000000 1.000000 2.000000 0.000000 0.000000 -1
0 5.000000 1.000000 2.000000 0.000000 0.000000 -1
0 1.000000 5.000000 2.000000 0.000000 0.000000 -1
0 1.000000 5.000000 1.000000 0.000000 0.000000 -1
0 5.000000 1.000000 1.000000 0.000000 0.000000 -1
0 5.000000 -3.000000 1.000000 0.000000 0.000000 -1
0 5.000000 -3.000000 2.000000 0.000000 0.000000 -1
0 5.000000 -3.000000 2.000000 0.000000 0.000000 -1
0 5.000000 1.000000 2.000000 0.000000 0.000000 -1
0 5.000000 1.000000 1.000000 0.000000 0.000000 -1
0 0.000000 -8.000000 2.000000 0.000000 0.000000 -1
0 5.000000 -3.000000 2.000000 0.000000 0.000000 -1
0 5.000000 -3.000000 1.000000 0.000000 0.000000 -1
0 0.000000 -8.000000 2.000000 0.000000 0.000000 -1
0 5.000000 -3.000000 1.000000 0.000000 0.000000 -1
0 0.000000 -8.000000 1.000000 0.000000 0.000000 -1
0 0.000000 -8.000000 1.000000 0.000000 0.000000 -1
0 0.000000 -4.000000 1.000000 0.000000 0.000000 -1
0 0.000000 -4.000000 2.000000 0.000000 0.000000 -1
0 0.000000 -4.000000 2.000000 0.000000 0.000000 -1
0 0.000000 -8.000000 2.000000 0.000000 0.000000 -1
0 0.000000 -8.000000 1.000000 0.000000 0.000000 -1
0 0.000000 -4.000000 2.000000 0.000000 0.000000 -1
0 0.000000 -4.000000 1.000000 0.000000 0.000000 -1
0 -4.000000 0.000000 1.000000 0.000000 0.000000 -1
0 -4.000000 0.000000 1.000000 0.000000 0.000000 -1
0 -4.000000 0.000000 2.000000 0.000000 0.000000 -1
0 0.000000 -4.000000 2.000000 0.000000 0.000000 -1
0 -8.000000 0.000000 2.000000 0.000000 0.000000 -1
0 -4.000000 0.000000 2.000000 0.000000 0.000000 -1
0 -4.000000 0.000000 1.000000 0.000000 0.000000 -1
0 -4.000000 0.000000 1.000000 0.000000 0.000000 -1
0 -8.000000 0.000000 1.000000 0.000000 0.000000 -1
0 -8.000000 0.000000 2.000000 0.000000 0.000000 -1
0 -8.000000 0.000000 2.000000 0.000000 0.000000 -1
0 -8.000000 0.000000 1.000000 0.000000 0.000000 -1
0 -3.000000 5.000000 1.000000 0.000000 0.000000 -1
0 -3.000000 5.000000 1.000000 0.000000 0.000000 -1
0 -3.000000 5.000000 2.000000 0.000000 0.000000 -1
0 -8.000000 0.000000 2.000000 0.000000 0.000000 -1
0 -4.000000 -7.000000 2.000000 0.000000 0.000000 -1
0 -7.000000 -4.000000 1.000000 0.000000 0.000000 -1
0 -4.000000 -7.000000 1.000000 0.000000 0.000000 -1
0 -4.000000 -7.000000 2.000000 0.000000 0.000000 -1
0 -7.000000 -4.000000 2.000000 0.000000 0.000000 -1
0 -7.000000 -4.000000 1.000000 0.000000 0.000000 -1
0 -12.000000 -4.000000 2.000000 0.000000 0.000000 -1
0 -12.000000 -4.000000 1.000000 0.000000 0.000000 -1
0 -7.000000 -4.000000 1.000000 0.000000 0.000000 -1
0 -7.000000 -4.000000 1.000000 0.000000 0.000000 -1
0 -7.000000 -4.000000 2.000000 0.000000 0.000000 -1
0 -12.000000 -4.000000 2.000000 0.000000 0.000000 -1
0 -12.000000 -4.000000 1.000000 0.000000 0.000000 -1
0 -15.000000 -7.000000 2.000000 0.000000 0.000000 -1
0 -15.000000 -7.000000 1.000000 0.000000 0.000000 -1
0 -15.000000 -7.000000 2.000000 0.000000 0.000000 -1
0 -12.000000 -4.000000 1.000000 0.000000 0.000000 -1
0 -12.000000 -4.000000 2.000000 0.000000 0.000000 -1
0 -14.000000 -7.000000 2.000000 0.000000 0.000000 -1
0 -15.000000 -7.000000 1.000000 0.000000 0.000000 -1
0 -15.000000 -7.000000 2.000000 0.000000 0.000000 -1
0 -14.000000 -7.000000 2.000000 0.000000 0.000000 -1
0 -14.000000 -7.000000 1.000000 0.000000 0.000000 -1
0 -15.000000 -7.000000 1.000000 0.000000 0.000000 -1
0 -14.000000 -7.000000 2.000000 0.000000 0.000000 -1
0 -7.000000 -14.000000 2.000000 0.000000 0.000000 -1
0 -7.000000 -14.000000 1.000000 0.000000 0.000000 -1
0 -7.000000 -14.000000 1.000000 0.000000 0.000000 -1
0 -14.000000 -7.000000 1.000000 0.000000 0.000000 -1
0 -14.000000 -7.000000 2.000000 0.000000 0.000000 -1
0 -7.000000 -15.000000 1.000000 0.000000 0.000000 -1
0 -7.000000 -14.000000 1.000000 0.000000 0.000000 -1
0 -7.000000 -14.000000 2.000000 0.000000 0.000000 -1
0 -7.000000 -14.000000 2.000000 0.000000 0.000000 -1
0 -7.000000 -15.000000 2.000000 0.000000 0.000000 -1
0 -7.000000 -15.000000 1.000000 0.000000 0.000000 -1
0 -7.000000 -15.000000 2.000000 0.000000 0.000000 -1
0 -4.000000 -12.000000 2.000000 0.000000 0.000000 -1
0 -4.000000 -12.000000 1.000000 0.000000 0.000000 -1
0 -4.000000 -12.000000 1.000000 0.000000 0.000000 -1
0 -7.000000 -15.000000 1.000000 0.000000 0.000000 -1
0 -7.000000 -15.000000 2.000000 0.000000 0.000000 -1
0 -4.000000 -12.000000 1.000000 0.000000 0.000000 -1
0 -4.000000 -12.000000 2.000000 0.000000 0.000000 -1
0 -4.000000 -7.000000 2.000000 0.000000 0.000000 -1
0 -4.000000 -7.000000 2.000000 0.000000 0.000000 -1
0 -4.000000 -7.000000 1.000000 0.000000 0.000000 -1
0 -4.000000 -12.000000 1.000000 0.000000 0.000000 -1
0 23.000000 25.000000 -3.000000 0.000000 0.000000 -1
0 25.000000 23.000000 -3.000000 0.000000 0.000000 -1
0 20.000000 18.000000 -3.000000 0.000000 0.000000 -1
0 20.000000 18.000000 -3.000000 0.000000 0.000000 -1
0 18.000000 20.000000 -3.000000 0.000000 0.000000 -1
0 23.000000 25.000000 -3.000000 0.000000 0.000000 -1
0 -16.000000 25.000000 -3.000000 0.000000 0.000000 -1
0 23.000000 25.000000 -3.000000 0.000000 0.000000 -1
0 18.000000 20.000000 -3.000000 0.000000 0.000000 -1
0 18.000000 20.000000 -3.000000 0.000000 0.000000 -1
0 -8.000000 20.000000 -3.000000 0.000000 0.000000 -1
0 -16.000000 25.000000 -3.000000 0.000000 0.000000 -1
0 -8.000000 20.000000 -3.000000 0.000000 0.000000 -1
0 -17.000000 24.000000 -3.000000 0.000000 0.000000 -1
0 -16.000000 25.000000 -3.000000 0.000000 0.000000 -1
0 -17.000000 20.000000 -3.000000 0.000000 0.000000 -1
0 -17.000000 24.000000 -3.000000 0.000000 0.000000 -1
0 -8.000000 20.000000 -3.000000 0.000000 0.000000 -1
0 -8.000000 20.000000 -3.000000 0.000000 0.000000 -1
0 -8.000000 18.000000 -3.000000 0.000000 0.000000 -1
0 -17.000000 20.000000 -3.000000 0.000000 0.000000 -1
0 -8.000000 11.000000 -3.000000 0.000000 0.000000 -1
0 -17.000000 20.000000 -3.000000 0.000000 0.000000 -1
0 -8.000000 18.000000 -3.000000 0.000000 0.000000 -1
0 -8.000000 18.000000 -3.000000 0.000000 0.000000 -1
0 -2.000000 12.000000 -3.000000 0.000000 0.000000 -1
0 -8.000000 11.000000 -3.000000 0.000000 0.000000 -1
0 -8.000000 9.000000 -3.000000 0.000000 0.000000 -1
0 -8.000000 11.000000 -3.000000 0.000000 0.000000 -1
0 -2.000000 12.000000 -3.000000 0.000000 0.000000 -1
0 -2.000000 12.000000 -3.000000 0.000000 0.000000 -1
0 -2.000000 8.000000 -3.000000 0.000000 0.000000 -1
0 -8.000000 9.000000 -3.000000 0.000000 0.000000 -1
0 -25.000000 -8.000000 -3.000000 0.000000 0.000000 -1
0 -8.000000 9.000000 -3.000000 0.000000 0.000000 -1
0 -2.000000 8.000000 -3.000000 0.000000 0.000000 -1
0 -25.000000 -8.000000 -3.000000 0.000000 0.000000 -1
0 -2.000000 8.000000 -3.000000 0.000000 0.000000 -1
0 -17.000000 -7.000000 -3.000000 0.000000 0.000000 -1
0 -17.000000 -7.000000 -3.000000 0.000000 0.000000 -1
0 -17.000000 -8.000000 -3.000000 0.000000 0.000000 -1
0 -25.000000 -8.000000 -3.000000 0.000000 0.000000 -1
0 -25.000000 -8.000000 -3.000000 0.000000 0.000000 -1
0 -17.000000 -8.000000 -3.000000 0.000000 0.000000 -1
0 -25.000000 -11.000000 -3.000000 0.000000 0.000000 -1
0 -17.000000 -8.000000 -3.000000 0.000000 0.000000 -1
0 -23.000000 -13.000000 -3.000000 0.000000 0.000000 -1
0 -25.000000 -11.000000 -3.000000 0.000000 0.000000 -1
0 -20.000000 -13.000000 -3.000000 0.000000 0.000000 -1
0 -23.000000 -13.000000 -3.000000 0.000000 0.000000 -1
0 -17.000000 -8.000000 -3.000000 0.000000 0.000000 -1
0 -17.000000 -8.000000 -3.000000 0.000000 0.000000 -1
0 -15.000000 -8.000000 -3.000000 0.000000 0.000000 -1
0 -20.000000 -13.000000 -3.000000 0.000000 0.000000 -1
0 20.000000 18.000000 -3.000000 0.000000 0.000000 -1
0 25.000000 23.000000 -3.000000 0.000000 0.000000 -1
0 25.000000 -16.000000 -3.000000 0.000000 0.000000 -1
0 25.000000 -16.000000 -3.000000 0.000000 0.000000 -1
0 20.000000 -8.000000 -3.000000 0.000000 0.000000 -1
0 20.000000 18.000000 -3.000000 0.000000 0.000000 -1
0 25.000000 -16.000000 -3.000000 0.000000 0.000000 -1
0 24.000000 -17.000000 -3.000000 0.000000 0.000000 -1
0 20.000000 -8.000000 -3.000000 0.000000 0.000000 -1
0 20.000000 -8.000000 -3.000000 0.000000 0.000000 -1
0 24.000000 -17.000000 -3.000000 0.000000 0.000000 -1
0 20.000000 -17.000000 -3.000000 0.000000 0.000000 -1
0 20.000000 -17.000000 -3.000000 0.000000 0.000000 -1
0 18.000000 -8.000000 -3.000000 0.000000 0.000000 -1
0 20.000000 -8.000000 -3.000000 0.000000 0.000000 -1
0 18.000000 -8.000000 -3.000000 0.000000 0.000000 -1
0 20.000000 -17.000000 -3.000000 0.000000 0.000000 -1
0 11.000000 -8.000000 -3.000000 0.000000 0.000000 -1
0 11.000000 -8.000000 -3.000000 0.000000 0.000000 -1
0 12.000000 -2.000000 -3.000000 0.000000 0.000000 -1
0 18.000000 -8.000000 -3.000000 0.000000 0.000000 -1
0 12.000000 -2.000000 -3.000000 0.000000 0.000000 -1
0 11.000000 -8.000000 -3.000000 0.000000 0.000000 -1
0 9.000000 -8.000000 -3.000000 0.000000 0.000000 -1
0 9.000000 -8.000000 -3.000000 0.000000 0.000000 -1
0 8.000000 -2.000000 -3.000000 0.000000 0.000000 -1
0 12.000000 -2.000000 -3.000000 0.000000 0.000000 -1
0 8.000000 -2.000000 -3.000000 0.000000 0.000000 -1
0 9.000000 -8.000000 -3.000000 0.000000 0.000000 -1
0 -8.000000 -25.000000 -3.000000 0.000000 0.000000 -1
0 -7.000000 -17.000000 -3.000000 0.000000 0.000000 -1
0 8.000000 -2.000000 -3.000000 0.000000 0.000000 -1
0 -8.000000 -25.000000 -3.000000 0.000000 0.000000 -1
0 -8.000000 -25.000000 -3.000000 0.000000 0.000000 -1
0 -8.000000 -17.000000 -3.000000 0.000000 0.000000 -1
0 -7.000000 -17.000000 -3.000000 0.000000 0.000000 -1
0 -11.000000 -25.000000 -3.000000 0.000000 0.000000 -1
0 -8.000000 -17.000000 -3.000000 0.000000 0.000000 -1
0 -8.000000 -25.000000 -3.000000 0.000000 0.000000 -1
0 -11.000000 -25.000000 -3.000000 0.000000 0.000000 -1
0 -13.000000 -23.000000 -3.000000 0.000000 0.000000 -1
0 -8.000000 -17.000000 -3.000000 0.000000 0.000000 -1
0 -8.000000 -17.000000 -3.000000 0.000000 0.000000 -1
0 -13.000000 -23.000000 -3.000000 0.000000 0.000000 -1
0 -13.000000 -20.000000 -3.000000 0.000000 0.000000 -1
0 -13.000000 -20.000000 -3.000000 0.000000 0.000000 -1
0 -8.000000 -15.000000 -3.000000 0.000000 0.000000 -1
0 -8.000000 -17.000000 -3.000000 0.000000 0.000000 -1
0 -13.000000 -20.000000 -3.000000 0.000000 0.000000 -1
0 -20.000000 -13.000000 -3.000000 0.000000 0.000000 -1
0 -15.000000 -8.000000 -3.000000 0.000000 0.000000 -1
0 -15.000000 -8.000000 -3.000000 0.000000 0.000000 -1
0 -8.000000 -15.000000 -3.000000 0.000000 0.000000 -1
0 -13.000000 -20.000000 -3.000000 0.000000 0.000000 -1
0 0.000000 -4.000000 -2.000000 0.000000 0.000000 -1
0 0.000000 -8.000000 -2.000000 0.000000 0.000000 -1
0 -4.000000 -12.000000 -2.000000 0.000000 0.000000 -1
0 -4.000000 -12.000000 -2.000000 0.000000 0.000000 -1
0 -4.000000 -7.000000 -2.000000 0.000000 0.000000 -1
0 0.000000 -4.000000 -2.000000 0.000000 0.000000 -1
0 -4.000000 0.000000 -2.000000 0.000000 0.000000 -1
0 0.000000 -4.000000 -2.000000 0.000000 0.000000 -1
0 -4.000000 -7.000000 -2.000000 0.000000 0.000000 -1
0 -4.000000 -7.000000 -2.000000 0.000000 0.000000 -1
0 -7.000000 -4.000000 -2.000000 0.000000 0.000000 -1
0 -4.000000 0.000000 -2.000000 0.000000 0.000000 -1
0 -8.000000 0.000000 -2.000000 0.000000 0.000000 -1
0 -4.000000 0.000000 -2.000000 0.000000 0.000000 -1
0 -7.000000 -4.000000 -2.000000 0.000000 0.000000 -1
0 -7.000000 -4.000000 -2.000000 0.000000 0.000000 -1
0 -12.000000 -4.000000 -2.000000 0.000000 0.000000 -1
0 -8.000000 0.000000 -2.000000 0.000000 0.000000 -1
0 7.000000 -1.000000 -2.000000 0.000000 0.000000 -1
0 5.000000 1.000000 -2.000000 0.000000 0.000000 -1
0 9.000000 4.000000 -2.000000 0.000000 0.000000 -1
0 5.000000 -3.000000 -2.000000 0.000000 0.000000 -1
0 5.000000 1.000000 -2.000000 0.000000 0.000000 -1
0 7.000000 -1.000000 -2.000000 0.000000 0.000000 -1
0 4.000000 9.000000 -2.000000 0.000000 0.000000 -1
0 9.000000 4.000000 -2.000000 0.000000 0.000000 -1
0 5.000000 1.000000 -2.000000 0.000000 0.000000 -1
0 5.000000 1.000000 -2.000000 0.000000 0.000000 -1
0 1.000000 5.000000 -2.000000 0.000000 0.000000 -1
0 4.000000 9.000000 -2.000000 0.000000 0.000000 -1
0 -1.000000 9.000000 -2.000000 0.000000 0.000000 -1
0 4.000000 9.000000 -2.000000 0.000000 0.000000 -1
0 1.000000 5.000000 -2.000000 0.000000 0.000000 -1
0 -1.000000 9.000000 -2.000000 0.000000 0.000000 -1
0 1.000000 5.000000 -2.000000 0.000000 0.000000 -1
0 -1.000000 7.000000 -2.000000 0.000000 0.000000 -1
0 -3.000000 5.000000 -2.000000 0.000000 0.000000 -1
0 -1.000000 7.000000 -2.000000 0.000000 0.000000 -1
0 1.000000 5.000000 -2.000000 0.000000 0.000000 -1
0 -1.000000 9.000000 -2.000000 0.000000 0.000000 -1
0 -1.000000 9.000000 -1.000000 0.000000 0.000000 -1
0 4.000000 9.000000 -1.000000 0.000000 0.000000 -1
0 4.000000 9.000000 -1.000000 0.000000 0.000000 -1
0 4.000000 9.000000 -2.000000 0.000000 0.000000 -1
0 -1.000000 9.000000 -2.000000 0.000000 0.000000 -1
0 9.000000 4.000000 -2.000000 0.000000 0.000000 -1
0 4.000000 9.000000 -2.000000 0.000000 0.000000 -1
0 4.000000 9.000000 -1.000000 0.000000 0.000000 -1
0 4.000000 9.000000 -1.000000 0.000000 0.000000 -1
0 9.000000 4.000000 -1.000000 0.000000 0.000000 -1
0 9.000000 4.000000 -2.000000 0.000000 0.000000 -1
0 9.000000 4.000000 -1.000000 0.000000 0.000000 -1
0 9.000000 -1.000000 -1.000000 0.000000 0.000000 -1
0 9.000000 -1.000000 -2.000000 0.000000 0.000000 -1
0 9.000000 -1.000000 -2.000000 0.000000 0.000000 -1
0 9.000000 4.000000 -2.000000 0.000000 0.000000 -1
0 9.000000 4.000000 -1.000000 0.000000 0.000000 -1
0 13.000000 -1.000000 -1.000000 0.000000 0.000000 -1
0 13.000000 -1.000000 -2.000000 0.000000 0.000000 -1
0 9.000000 -1.000000 -2.000000 0.000000 0.000000 -1
0 9.000000 -1.000000 -2.000000 0.000000 0.000000 -1
0 9.000000 -1.000000 -1.000000 0.000000 0.000000 -1
0 13.000000 -1.000000 -1.000000 0.000000 0.000000 -1
0 19.000000 -7.000000 -1.000000 0.000000 0.000000 -1
0 19.000000 -7.000000 -2.000000 0.000000 0.000000 -1
0 13.000000 -1.000000 -2.000000 0.000000 0.000000 -1
0 19.000000 17.000000 -2.000000 0.000000 0.000000 -1
0 19.000000 -7.000000 -2.000000 0.000000 0.000000 -1
0 19.000000 -7.000000 -1.000000 0.000000 0.000000 -1
0 19.000000 -7.000000 -1.000000 0.000000 0.000000 -1
0 19.000000 17.000000 -1.000000 0.000000 0.000000 -1
0 19.000000 17.000000 -2.000000 0.000000 0.000000 -1
0 17.000000 19.000000 -2.000000 0.000000 0.000000 -1
0 19.000000 17.000000 -2.000000 0.000000 0.000000 -1
0 19.000000 17.000000 -1.000000 0.000000 0.000000 -1
0 17.000000 19.000000 -2.000000 0.000000 0.000000 -1
0 19.000000 17.000000 -1.000000 0.000000 0.000000 -1
0 17.000000 19.000000 -1.000000 0.000000 0.000000 -1
0 -7.000000 19.000000 -1.000000 0.000000 0.000000 -1
0 -7.000000 19.000000 -2.000000 0.000000 0.000000 -1
0 17.000000 19.000000 -2.000000 0.000000 0.000000 -1
0 17.000000 19.000000 -2.000000 0.000000 0.000000 -1
0 17.000000 19.000000 -1.000000 0.000000 0.000000 -1
0 -7.000000 19.000000 -1.000000 0.000000 0.000000 -1
0 -7.000000 19.000000 -2.000000 0.000000 0.000000 -1
0 -7.000000 19.000000 -1.000000 0.000000 0.000000 -1
0 -1.000000 13.000000 -1.000000 0.000000 0.000000 -1
0 -1.000000 13.000000 -1.000000 0.000000 0.000000 -1
0 -1.000000 13.000000 -2.000000 0.000000 0.000000 -1
0 -7.000000 19.000000 -2.000000 0.000000 0.000000 -1
0 -1.000000 9.000000 -2.000000 0.000000 0.000000 -1
0 -1.000000 13.000000 -2.000000 0.000000 0.000000 -1
0 -1.000000 13.000000 -1.000000 0.000000 0.000000 -1
0 -1.000000 13.000000 -1.000000 0.000000 0.000000 -1
0 -1.000000 9.000000 -1.000000 0.000000 0.000000 -1
0 -1.000000 9.000000 -2.000000 0.000000 0.000000 -1
0 -3.000000 5.000000 -2.000000 0.000000 0.000000 -1
0 1.000000 5.000000 -2.000000 0.000000 0.000000 -1
0 1.000000 5.000000 -1.000000 0.000000 0.000000 -1
0 1.000000 5.000000 -1.000000 0.000000 0.000000 -1
0 -3.000000 5.000000 -1.000000 0.000000 0.000000 -1
0 -3.000000 5.000000 -2.000000 0.000000 0.000000 -1
0 5.000000 1.000000 -2.000000 0.000000 0.000000 -1
0 5.000000 1.000000 -1.000000 0.000000 0.000000 -1
0 1.000000 5.000000 -1.000000 0.000000 0.000000 -1
0 1.000000 5.000000 -1.000000 0.000000 0.000000 -1
0 1.000000 5.000000 -2.000000 0.000000 0.000000 -1
0 5.000000 1.000000 -2.000000 0.000000 0.000000 -1
0 5.000000 -3.000000 -2.000000 0.000000 0.000000 -1
0 5.000000 -3.000000 -1.000000 0.000000 0.000000 -1
0 5.000000 1.000000 -1.000000 0.000000 0.000000 -1
0 5.000000 1.000000 -1.000000 0.000000 0.000000 -1
0 5.000000 1.000000 -2.000000 0.000000 0.000000 -1
0 5.000000 -3.000000 -2.000000 0.000000 0.000000 -1
0 5.000000 -3.000000 -1.000000 0.000000 0.000000 -1
0 5.000000 -3.000000 -2.000000 0.000000 0.000000 -1
0 0.000000 -8.000000 -2.000000 0.000000 0.000000 -1
0 0.000000 -8.000000 -1.000000 0.000000 0.000000 -1
0 5.000000 -3.000000 -1.000000 0.000000 0.000000 -1
0 0.000000 -8.000000 -2.000000 0.000000 0.000000 -1
0 0.000000 -4.000000 -2.000000 0.000000 0.000000 -1
0 0.000000 -4.000000 -1.000000 0.000000 0.000000 -1
0 0.000000 -8.000000 -1.000000 0.000000 0.000000 -1
0 0.000000 -8.000000 -1.000000 0.000000 0.000000 -1
0 0.000000 -8.000000 -2.000000 0.000000 0.000000 -1
0 0.000000 -4.000000 -2.000000 0.000000 0.000000 -1
0 -4.000000 0.000000 -1.000000 0.000000 0.000000 -1
0 0.000000 -4.000000 -1.000000 0.000000 0.000000 -1
0 0.000000 -4.000000 -2.000000 0.000000 0.000000 -1
0 0.000000 -4.000000 -2.000000 0.000000 0.000000 -1
0 -4.000000 0.000000 -2.000000 0.000000 0.000000 -1
0 -4.000000 0.000000 -1.000000 0.000000 0.000000 -1
0 -4.000000 0.000000 -1.000000 0.000000 0.000000 -1
0 -4.000000 0.000000 -2.000000 0.000000 0.000000 -1
0 -8.000000 0.000000 -2.000000 0.000000 0.000000 -1
0 -8.000000 0.000000 -2.000000 0.000000 0.000000 -1
0 -8.000000 0.000000 -1.000000 0.000000 0.000000 -1
0 -4.000000 0.000000 -1.000000 0.000000 0.000000 -1
0 -3.000000 5.000000 -1.000000 0.000000 0.000000 -1
0 -8.000000 0.000000 -1.000000 0.000000 0.000000 -1
0 -8.000000 0.000000 -2.000000 0.000000 0.000000 -1
0 -8.000000 0.000000 -2.000000 0.000000 0.000000 -1
0 -3.000000 5.000000 -2.000000 0.000000 0.000000 -1
0 -3.000000 5.000000 -1.000000 0.000000 0.000000 -1
0 -4.000000 -7.000000 -1.000000 0.000000 0.000000 -1
0 -7.000000 -4.000000 -1.000000 0.000000 0.000000 -1
0 -4.000000 -7.000000 -2.000000 0.000000 0.000000 -1
0 -7.000000 -4.000000 -1.000000 0.000000 0.000000 -1
0 -7.000000 -4.000000 -2.000000 0.000000 0.000000 -1
0 -4.000000 -7.000000 -2.000000 0.000000 0.000000 -1
0 -7.000000 -4.000000 -1.000000 0.000000 0.000000 -1
0 -12.000000 -4.000000 -1.000000 0.000000 0.000000 -1
0 -12.000000 -4.000000 -2.000000 0.000000 0.000000 -1
0 -12.000000 -4.000000 -2.000000 0.000000 0.000000 -1
0 -7.000000 -4.000000 -2.000000 0.000000 0.000000 -1
0 -7.000000 -4.000000 -1.000000 0.000000 0.000000 -1
0 -15.000000 -7.000000 -1.000000 0.000000 0.000000 -1
0 -15.000000 -7.000000 -2.000000 0.000000 0.000000 -1
0 -12.000000 -4.000000 -1.000000 0.000000 0.000000 -1
0 -12.000000 -4.000000 -2.000000 0.000000 0.000000 -1
0 -12.000000 -4.000000 -1.000000 0.000000 0.000000 -1
0 -15.000000 -7.000000 -2.000000 0.000000 0.000000 -1
0 -15.000000 -7.000000 -2.000000 0.000000 0.000000 -1
0 -15.000000 -7.000000 -1.000000 0.000000 0.000000 -1
0 -14.000000 -7.000000 -2.000000 0.000000 0.000000 -1
0 -15.000000 -7.000000 -1.000000 0.000000 0.000000 -1
0 -14.000000 -7.000000 -1.000000 0.000000 0.000000 -1
0 -14.000000 -7.000000 -2.000000 0.000000 0.000000 -1
0 -7.000000 -14.000000 -1.000000 0.000000 0.000000 -1
0 -7.000000 -14.000000 -2.000000 0.000000 0.000000 -1
0 -14.000000 -7.000000 -2.000000 0.000000 0.000000 -1
0 -14.000000 -7.000000 -2.000000 0.000000 0.000000 -1
0 -14.000000 -7.000000 -1.000000 0.000000 0.000000 -1
0 -7.000000 -14.000000 -1.000000 0.000000 0.000000 -1
0 -7.000000 -14.000000 -2.000000 0.000000 0.000000 -1
0 -7.000000 -14.000000 -1.000000 0.000000 0.000000 -1
0 -7.000000 -15.000000 -1.000000 0.000000 0.000000 -1
0 -7.000000 -15.000000 -1.000000 0.000000 0.000000 -1
0 -7.000000 -15.000000 -2.000000 0.000000 0.000000 -1
0 -7.000000 -14.000000 -2.000000 0.000000 0.000000 -1
0 -4.000000 -12.000000 -1.000000 0.000000 0.000000 -1
0 -4.000000 -12.000000 -2.000000 0.000000 0.000000 -1
0 -7.000000 -15.000000 -2.000000 0.000000 0.000000 -1
0 -7.000000 -15.000000 -2.000000 0.000000 0.000000 -1
0 -7.000000 -15.000000 -1.000000 0.000000 0.000000 -1
0 -4.000000 -12.000000 -1.000000 0.000000 0.000000 -1
0 -4.000000 -7.000000 -2.000000 0.000000 0.000000 -1
0 -4.000000 -12.000000 -2.000000 0.000000 0.000000 -1
0 -4.000000 -12.000000 -1.000000 0.000000 0.000000 -1
0 -4.000000 -12.000000 -1.000000 0.000000 0.000000 -1
0 -4.000000 -7.000000 -1.000000 0.000000 0.000000 -1
0 -4.000000 -7.000000 -2.000000 0.000000 0.000000 -1
0 -18.000000 25.000000 -2.000000 0.000000 0.000000 -1
0 -18.000000 25.000000 2.000000 0.000000 0.000000 -1
0 -17.000000 26.000000 2.000000 0.000000 0.000000 -1
0 -18.000000 25.000000 -2.000000 0.000000 0.000000 -1
0 -17.000000 26.000000 2.000000 0.000000 0.000000 -1
0 -17.000000 26.000000 -2.000000 0.000000 0.000000 -1
0 -18.000000 19.000000 2.000000 0.000000 0.000000 -1
0 -18.000000 25.000000 2.000000 0.000000 0.000000 -1
0 -18.000000 25.000000 -2.000000 0.000000 0.000000 -1
0 -18.000000 25.000000 -2.000000 0.000000 0.000000 -1
0 -18.000000 19.000000 -2.000000 0.000000 0.000000 -1
0 -18.000000 19.000000 2.000000 0.000000 0.000000 -1
0 -9.000000 10.000000 -2.000000 0.000000 0.000000 -1
0 -9.000000 10.000000 2.000000 0.000000 0.000000 -1
0 -18.000000 19.000000 2.000000 0.000000 0.000000 -1
0 -18.000000 19.000000 2.000000 0.000000 0.000000 -1
0 -18.000000 19.000000 -2.000000 0.000000 0.000000 -1
0 -9.000000 10.000000 -2.000000 0.000000 0.000000 -1
0 -26.000000 -12.000000 2.000000 0.000000 0.000000 -1
0 -26.000000 -7.000000 2.000000 0.000000 0.000000 -1
0 -26.000000 -7.000000 -2.000000 0.000000 0.000000 -1
0 -26.000000 -7.000000 -2.000000 0.000000 0.000000 -1
0 -26.000000 -12.000000 -2.000000 0.000000 0.000000 -1
0 -26.000000 -12.000000 2.000000 0.000000 0.000000 -1
0 -26.000000 -7.000000 2.000000 0.000000 0.000000 -1
0 -9.000000 10.000000 2.000000 0.000000 0.000000 -1
0 -9.000000 10.000000 -2.000000 0.000000 0.000000 -1
0 -9.000000 10.000000 -2.000000 0.000000 0.000000 -1
0 -26.000000 -7.000000 -2.000000 0.000000 0.000000 -1
0 -26.000000 -7.000000 2.000000 0.000000 0.000000 -1
0 -26.000000 -12.000000 2.000000 0.000000 0.000000 -1
0 -24.000000 -14.000000 -2.000000 0.000000 0.000000 -1
0 -24.000000 -14.000000 2.000000 0.000000 0.000000 -1
0 -26.000000 -12.000000 2.000000 0.000000 0.000000 -1
0 -26.000000 -12.000000 -2.000000 0.000000 0.000000 -1
0 -24.000000 -14.000000 -2.000000 0.000000 0.000000 -1
0 -21.000000 -14.000000 2.000000 0.000000 0.000000 -1
0 -21.000000 -14.000000 -2.000000 0.000000 0.000000 -1
0 -14.000000 -21.000000 -2.000000 0.000000 0.000000 -1
0 -14.000000 -21.000000 -2.000000 0.000000 0.000000 -1
0 -14.000000 -21.000000 2.000000 0.000000 0.000000 -1
0 -21.000000 -14.000000 2.000000 0.000000 0.000000 -1
0 -14.000000 -24.000000 2.000000 0.000000 0.000000 -1
0 -14.000000 -21.000000 2.000000 0.000000 0.000000 -1
0 -14.000000 -21.000000 -2.000000 0.000000 0.000000 -1
0 -14.000000 -21.000000 -2.000000 0.000000 0.000000 -1
0 -14.000000 -24.000000 -2.000000 0.000000 0.000000 -1
0 -14.000000 -24.000000 2.000000 0.000000 0.000000 -1
0 -14.000000 -24.000000 -2.000000 0.000000 0.000000 -1
0 -12.000000 -26.000000 -2.000000 0.000000 0.000000 -1
0 -12.000000 -26.000000 2.000000 0.000000 0.000000 -1
0 -12.000000 -26.000000 2.000000 0.000000 0.000000 -1
0 -14.000000 -24.000000 2.000000 0.000000 0.000000 -1
0 -14.000000 -24.000000 -2.000000 0.000000 0.000000 -1
0 25.000000 -18.000000 -2.000000 0.000000 0.000000 -1
0 26.000000 -17.000000 2.000000 0.000000 0.000000 -1
0 25.000000 -18.000000 2.000000 0.000000 0.000000 -1
0 25.000000 -18.000000 -2.000000 0.000000 0.000000 -1
0 26.000000 -17.000000 -2.000000 0.000000 0.000000 -1
0 26.000000 -17.000000 2.000000 0.000000 0.000000 -1
0 25.000000 -18.000000 -2.000000 0.000000 0.000000 -1
0 25.000000 -18.000000 2.000000 0.000000 0.000000 -1
0 19.000000 -18.000000 2.000000 0.000000 0.000000 -1
0 19.000000 -18.000000 2.000000 0.000000 0.000000 -1
0 19.000000 -18.000000 -2.000000 0.000000 0.000000 -1
0 25.000000 -18.000000 -2.000000 0.000000 0.000000 -1
0 19.000000 -18.000000 -2.000000 0.000000 0.000000 -1
0 19.000000 -18.000000 2.000000 0.000000 0.000000 -1
0 10.000000 -9.000000 2.000000 0.000000 0.000000 -1
0 10.000000 -9.000000 2.000000 0.000000 0.000000 -1
0 10.000000 -9.000000 -2.000000 0.000000 0.000000 -1
0 19.000000 -18.000000 -2.000000 0.000000 0.000000 -1
0 -7.000000 -26.000000 -2.000000 0.000000 0.000000 -1
0 10.000000 -9.000000 -2.000000 0.000000 0.000000 -1
0 10.000000 -9.000000 2.000000 0.000000 0.000000 -1
0 10.000000 -9.000000 2.000000 0.000000 0.000000 -1
0 -7.000000 -26.000000 2.000000 0.000000 0.000000 -1
0 -7.000000 -26.000000 -2.000000 0.000000 0.000000 -1
0 -7.000000 -26.000000 2.000000 0.000000 0.000000 -1
0 -12.000000 -26.000000 2.000000 0.000000 0.000000 -1
0 -12.000000 -26.000000 -2.000000 0.000000 0.000000 -1
0 -7.000000 -26.000000 2.000000 0.000000 0.000000 -1
0 -12.000000 -26.000000 -2.000000 0.000000 0.000000 -1
0 -7.000000 -26.000000 -2.000000 0.000000 0.000000 -1
0 -24.000000 -14.000000 -2.000000 0.000000 0.000000 -1
0 -21.000000 -14.000000 -2.000000 0.000000 0.000000 -1
0 -21.000000 -14.000000 2.000000 0.000000 0.000000 -1
0 -21.000000 -14.000000 2.000000 0.000000 0.000000 -1
0 -24.000000 -14.000000 2.000000 0.000000 0.000000 -1
0 -24.000000 -14.000000 -2.000000 0.000000 0.000000 -1
0 26.000000 24.000000 2.000000 0.000000 0.000000 -1
0 26.000000 24.000000 -2.000000 0.000000 0.000000 -1
0 24.000000 26.000000 -2.000000 0.000000 0.000000 -1
0 24.000000 26.000000 -2.000000 0.000000 0.000000 -1
0 24.000000 26.000000 2.000000 0.000000 0.000000 -1
0 26.000000 24.000000 2.000000 0.000000 0.000000 -1
0 -17.000000 26.000000 -2.000000 0.000000 0.000000 -1
0 -17.000000 26.000000 2.000000 0.000000 0.000000 -1
0 24.000000 26.000000 2.000000 0.000000 0.000000 -1
0 24.000000 26.000000 2.000000 0.000000 0.000000 -1
0 24.000000 26.000000 -2.000000 0.000000 0.000000 -1
0 -17.000000 26.000000 -2.000000 0.000000 0.000000 -1
0 26.000000 24.000000 2.000000 0.000000 0.000000 -1
0 26.000000 -17.000000 2.000000 0.000000 0.000000 -1
0 26.000000 -17.000000 -2.000000 0.000000 0.000000 -1
0 26.000000 -17.000000 -2.000000 0.000000 0.000000 -1
0 26.000000 24.000000 -2.000000 0.000000 0.000000 -1
0 26.000000 24.000000 2.000000 0.000000 0.000000 -1
0 7.000000 -1.000000 2.000000 0.000000 0.000000 -1
0 9.000000 -1.000000 2.000000 0.000000 0.000000 -1
0 9.000000 4.000000 2.000000 0.000000 0.000000 -1
0 9.000000 4.000000 -2.000000 0.000000 0.000000 -1
0 9.000000 -1.000000 -2.000000 0.000000 0.000000 -1
0 7.000000 -1.000000 -2.000000 0.000000 0.000000 -1
190
-0.320377 0.773459 0.546918
0.172371 0.659908 0.731307
0.437827 0.772886 0.459298
0.437827 0.772886 -0.459298
0.172371 0.659908 -0.731307
-0.320377 0.773459 -0.546918
-0.399893 -0.146371 0.904799
0.399893 0.146371 0.904799
0.125672 0.343343 0.930764
-0.087290 -0.238480 0.967216
-0.145468 0.271446 0.951397
0.111845 -0.223689 0.968222
-0.299956 0.109792 0.947614
-0.343343 -0.125672 0.930764
0.238480 0.087290 0.967216
-0.238480 -0.087290 0.967216
0.271446 0.145468 0.951397
-0.271446 0.145468 0.951397
0.391146 -0.063127 0.918161
-0.280181 0.062763 0.957893
0.323869 -0.265665 0.908037
0.067206 0.106262 0.992064
-0.299956 -0.109792 0.947614
-0.146371 -0.399893 0.904799
0.073504 0.328127 0.941769
0.343343 -0.125672 0.930764
0.000000 0.000000 1.000000
-0.128430 0.128430 0.983368
0.088278 -0.394080 0.914827
-0.145468 -0.271447 0.951397
0.145468 0.271446 0.951397
0.063127 0.391146 0.918161
0.145468 -0.271447 0.951397
-0.239901 0.323005 0.915486
0.062763 -0.280181 0.957893
-0.106590 0.223354 0.968892
0.106262 0.067206 0.992064
-0.109792 -0.299956 0.947614
-0.399893 -0.146371 0.904799
-0.231849 -0.124248 0.964784
-0.539402 0.325659 0.776526
-0.335912 0.608853 0.718653
0.717284 0.297109 0.630262
-0.717284 -0.297109 0.630262
0.200690 0.484508 0.851455
-0.200690 -0.484508 0.851455
0.522486 -0.054038 0.850934
0.327299 -0.756937 0.565617
0.588510 0.344741 0.731307
-0.494570 -0.289713 0.819431
-0.073504 0.328127 0.941769
-0.756937 0.327299 0.565617
-0.160482 -0.387437 0.907821
0.653282 0.382683 0.653282
0.326137 -0.174776 0.929025
0.259688 0.626943 0.734510
0.577350 0.577350 0.577350
0.659908 0.172371 0.731307
0.431479 0.736580 0.520841
-0.351696 0.493474 0.795483
-0.896575 -0.261611 0.357368
-0.328448 -0.831155 0.448669
0.688817 0.122767 0.714465
0.397052 -0.725981 0.561517
0.816690 0.258077 0.516153
-0.336557 -0.812520 0.475963
0.411198 -0.701960 0.581522
-0.659908 -0.172371 0.731307
-0.701960 0.411198 0.581522
0.725981 0.397052 0.561517
0.484508 0.200690 0.851455
0.561517 0.232588 0.794105
-0.297109 -0.717284 0.630262
-0.626943 -0.259688 0.734510
0.580860 0.151442 0.799792
0.397052 0.725981 0.561517
0.377955 0.836628 0.396490
0.896575 0.261611 0.357368
0.494570 0.289713 0.819431
0.038480 0.561551 0.826547
-0.812520 0.336557 0.475963
0.125672 0.343343 -0.930764
0.399893 0.146371 -0.904799
-0.399893 -0.146371 -0.904799
-0.087290 -0.238480 -0.967216
-0.145468 0.271446 -0.951397
0.111845 -0.223689 -0.968222
-0.299956 0.109792 -0.947614
-0.343343 -0.125672 -0.930764
0.238480 0.087290 -0.967216
-0.238480 -0.087290 -0.967216
0.271446 0.145468 -0.951397
-0.271446 0.145468 -0.951397
0.391146 -0.063127 -0.918161
-0.280181 0.062763 -0.957893
0.323869 -0.265665 -0.908037
0.067206 0.106262 -0.992064
-0.299956 -0.109792 -0.947614
-0.146371 -0.399893 -0.904799
0.073504 0.328127 -0.941769
0.000000 0.000000 -1.000000
0.343343 -0.125672 -0.930764
-0.128430 0.128430 -0.983368
0.088278 -0.394080 -0.914827
-0.145468 -0.271447 -0.951397
0.145468 0.271446 -0.951397
0.063127 0.391146 -0.918161
0.145468 -0.271447 -0.951397
-0.239901 0.323005 -0.915486
0.062763 -0.280181 -0.957893
-0.106590 0.223354 -0.968892
0.106262 0.067206 -0.992064
-0.109792 -0.299956 -0.947614
-0.399893 -0.146371 -0.904799
-0.231849 -0.124248 -0.964784
0.717284 0.297109 -0.630262
-0.335912 0.608853 -0.718653
-0.539402 0.325659 -0.776526
-0.717284 -0.297109 -0.630262
0.200690 0.484508 -0.851455
-0.200690 -0.484508 -0.851455
0.522486 -0.054038 -0.850934
0.327299 -0.756937 -0.565617
-0.073504 0.328127 -0.941769
-0.494570 -0.289713 -0.819431
0.588510 0.344741 -0.731307
-0.756937 0.327299 -0.565617
-0.160482 -0.387437 -0.907821
0.653282 0.382683 -0.653282
0.326137 -0.174776 -0.929025
0.577350 0.577350 -0.577350
0.259688 0.626943 -0.734510
0.659908 0.172371 -0.731307
0.431479 0.736580 -0.520841
-0.351696 0.493474 -0.795483
-0.896575 -0.261611 -0.357368
-0.328448 -0.831155 -0.448669
0.397052 -0.725981 -0.561517
0.688817 0.122767 -0.714465
0.816690 0.258077 -0.516153
-0.336557 -0.812520 -0.475963
0.411198 -0.701960 -0.581522
-0.659908 -0.172371 -0.731307
-0.701960 0.411198 -0.581522
0.725981 0.397052 -0.561517
0.484508 0.200690 -0.851455
0.561517 0.232588 -0.794105
-0.626943 -0.259688 -0.734510
-0.297109 -0.717284 -0.630262
0.397052 0.725981 -0.561517
0.580860 0.151442 -0.799792
0.377955 0.836628 -0.396490
0.494570 0.289713 -0.819431
0.896575 0.261611 -0.357368
0.038480 0.561551 -0.826547
-0.812520 0.336557 -0.475963
-0.831155 0.328448 -0.448669
-0.756249 0.292605 0.585209
-0.355729 0.826964 0.435416
-0.215703 0.875992 -0.431406
-0.885605 -0.356321 0.297890
-0.831155 -0.328448 -0.448669
-0.831294 -0.071293 -0.551241
-0.724553 -0.088402 0.683526
-0.831155 -0.328448 0.448669
-0.772886 0.437827 0.459298
-0.834598 0.300564 -0.461635
-0.756249 -0.292605 -0.585209
-0.356321 -0.885605 -0.297890
-0.328448 -0.831155 0.448669
-0.292605 -0.756249 -0.585209
-0.876191 -0.304931 -0.373238
-0.816690 -0.258077 0.516153
-0.829612 -0.428363 -0.358118
-0.253973 -0.823097 -0.507946
-0.372630 -0.775914 0.509022
0.377955 -0.836628 -0.396490
0.829612 -0.428363 0.358118
0.356796 -0.756565 0.548002
0.896575 -0.261611 -0.357368
-0.215703 -0.875991 0.431406
-0.355729 -0.826964 -0.435416
-0.071293 -0.831294 0.551241
-0.088402 -0.724553 -0.683526
0.437827 -0.772886 -0.459298
0.300564 -0.834598 0.461635
0.831155 0.328448 0.448669
0.756249 0.292605 -0.585209
0.428363 0.829612 -0.358118
0.261611 0.896575 0.357368
240
0 0 1 2 0 1 2 1
0 3 4 5 3 4 5 1
0 6 7 8 6 7 8 1
0 9 10 11 8 9 6 1
0 12 13 14 9 8 10 1
0 15 16 17 10 11 9 1
0 18 19 20 10 12 11 1
0 21 22 23 11 12 13 1
0 24 25 26 13 14 11 1
0 27 28 29 14 13 15 1
0 30 31 32 15 16 14 1
0 33 34 35 16 15 17 1
0 36 37 38 17 18 16 1
0 39 40 41 18 17 19 1
0 42 43 44 20 18 19 1
0 45 46 47 19 21 20 1
0 48 49 50 22 21 19 1
0 51 52 53 22 23 21 1
0 54 55 56 21 23 9 1
0 57 58 59 9 24 21 1
0 60 61 62 25 26 26 1
0 63 64 65 26 27 25 1
0 66 67 68 27 28 25 1
0 69 70 71 29 28 27 1
0 72 73 74 27 30 29 1
0 75 76 77 9 29 30 1
0 78 79 80 30 31 9 1
0 81 82 83 32 9 31 1
0 84 85 86 31 33 32 1
0 87 88 89 34 32 33 1
0 90 91 92 34 33 35 1
0 93 94 95 35 36 34 1
0 96 97 98 34 36 37 1
0 99 100 101 36 38 37 1
0 102 103 104 39 38 36 1
0 105 106 107 36 7 39 1
0 108 109 110 24 9 39 1
0 111 112 113 39 7 24 1
0 114 115 116 40 41 42 1
0 117 118 119 42 43 40 1
0 120 121 122 43 42 44 1
0 123 124 125 44 45 43 1
0 126 127 128 45 44 46 1
0 129 130 131 46 47 45 1
0 132 133 134 48 49 50 1
0 135 136 137 50 49 51 1
0 138 139 140 49 48 44 1
0 141 142 143 44 52 49 1
0 144 145 146 52 44 53 1
0 147 148 149 54 52 53 1
0 150 151 152 52 54 47 1
0 153 154 155 55 56 53 1
0 156 157 158 53 44 55 1
0 159 160 161 55 44 48 1
0 162 163 164 48 57 55 1
0 165 166 167 58 56 57 1
0 168 169 170 57 48 58 1
0 171 172 173 58 2 1 1
0 174 175 176 1 56 58 1
0 177 178 179 2 59 0 1
0 180 181 182 0 59 60 1
0 183 184 185 60 49 0 1
0 186 187 188 49 60 61 1
0 189 190 191 45 49 61 1
0 192 193 194 61 62 63 1
0 195 196 197 63 45 61 1
0 198 199 200 42 63 62 1
0 201 202 203 62 64 42 1
0 204 205 206 42 64 53 1
0 207 208 209 53 56 42 1
0 210 211 212 65 52 47 1
0 213 214 215 47 66 65 1
0 216 217 218 65 67 49 1
0 219 220 221 49 52 65 1
0 222 223 224 67 68 51 1
0 225 226 227 51 49 67 1
0 228 229 230 41 51 68 1
0 231 232 233 41 68 69 1
0 234 235 236 69 70 42 1
0 237 238 239 42 41 69 1
0 240 241 242 42 70 55 1
0 243 244 245 55 44 42 1
0 246 247 248 46 44 55 1
0 249 250 251 55 71 46 1
0 252 253 254 46 71 66 1
0 255 256 257 66 47 46 1
0 258 259 260 43 72 73 1
0 261 262 263 43 45 72 1
0 264 265 266 47 66 72 1
0 267 268 269 72 45 47 1
0 270 271 272 66 74 75 1
0 273 274 275 74 66 47 1
0 276 277 278 76 75 74 1
0 279 280 281 76 44 75 1
0 282 283 284 76 77 78 1
0 285 286 287 78 44 76 1
0 288 289 290 69 78 77 1
0 291 292 293 77 79 69 1
0 294 295 296 79 40 80 1
0 297 298 299 80 69 79 1
0 300 301 302 80 40 43 1
0 303 304 305 43 73 80 1
0 306 307 308 81 82 83 1
0 309 310 311 83 84 81 1
0 312 313 314 85 81 84 1
0 315 316 317 84 86 85 1
0 318 319 320 86 87 85 1
0 321 322 323 88 87 86 1
0 324 325 326 86 89 88 1
0 327 328 329 90 88 89 1
0 330 331 332 89 91 90 1
0 333 334 335 92 90 91 1
0 336 337 338 91 93 92 1
0 339 340 341 94 92 93 1
0 342 343 344 94 93 95 1
0 345 346 347 95 96 94 1
0 348 349 350 94 96 97 1
0 351 352 353 96 98 97 1
0 354 355 356 84 98 96 1
0 357 358 359 96 99 84 1
0 360 361 362 100 100 101 1
0 363 364 365 101 102 100 1
0 366 367 368 101 103 102 1
0 369 370 371 102 103 104 1
0 372 373 374 104 105 102 1
0 375 376 377 105 104 84 1
0 378 379 380 84 106 105 1
0 381 382 383 106 84 107 1
0 384 385 386 107 108 106 1
0 387 388 389 108 107 109 1
0 390 391 392 110 108 109 1
0 393 394 395 109 111 110 1
0 396 397 398 112 111 109 1
0 399 400 401 112 113 111 1
0 402 403 404 111 113 114 1
0 405 406 407 114 82 111 1
0 408 409 410 114 84 99 1
0 411 412 413 99 82 114 1
0 414 415 416 115 116 117 1
0 417 418 419 117 118 115 1
0 420 421 422 119 115 118 1
0 423 424 425 118 120 119 1
0 426 427 428 121 119 120 1
0 429 430 431 120 122 121 1
0 432 433 434 123 124 125 1
0 435 436 437 126 124 123 1
0 438 439 440 119 125 124 1
0 441 442 443 124 127 119 1
0 444 445 446 128 119 127 1
0 447 448 449 128 127 129 1
0 450 451 452 122 129 127 1
0 453 454 455 128 130 131 1
0 456 457 458 131 119 128 1
0 459 460 461 125 119 131 1
0 462 463 464 131 132 125 1
0 465 466 467 132 130 133 1
0 468 469 470 133 125 132 1
0 471 472 473 4 3 133 1
0 474 475 476 133 130 4 1
0 477 478 479 5 134 3 1
0 480 481 482 135 134 5 1
0 483 484 485 5 124 135 1
0 486 487 488 136 135 124 1
0 489 490 491 136 124 120 1
0 492 493 494 137 138 136 1
0 495 496 497 136 120 137 1
0 498 499 500 138 137 115 1
0 501 502 503 115 139 138 1
0 504 505 506 128 139 115 1
0 507 508 509 115 130 128 1
0 510 511 512 122 127 140 1
0 513 514 515 140 141 122 1
0 516 517 518 124 142 140 1
0 519 520 521 140 127 124 1
0 522 523 524 126 143 142 1
0 525 526 527 142 124 126 1
0 528 529 530 143 126 116 1
0 531 532 533 144 143 116 1
0 534 535 536 115 145 144 1
0 537 538 539 144 116 115 1
0 540 541 542 131 145 115 1
0 543 544 545 115 119 131 1
0 546 547 548 131 119 121 1
0 549 550 551 121 146 131 1
0 552 553 554 141 146 121 1
0 555 556 557 121 122 141 1
0 558 559 560 147 148 118 1
0 561 562 563 148 120 118 1
0 564 565 566 148 141 122 1
0 567 568 569 122 120 148 1
0 570 571 572 149 150 141 1
0 573 574 575 122 141 150 1
0 576 577 578 150 149 151 1
0 579 580 581 149 119 151 1
0 582 583 584 152 153 151 1
0 585 586 587 151 119 152 1
0 588 589 590 153 152 144 1
0 591 592 593 144 154 153 1
0 594 595 596 155 117 154 1
0 597 598 599 154 144 155 1
0 600 601 602 118 117 155 1
0 603 604 605 155 147 118 1
0 606 607 608 156 157 158 1
0 609 610 611 156 158 159 1
0 612 613 614 160 157 156 1
0 615 616 617 156 161 160 1
0 618 619 620 162 163 160 1
0 621 622 623 160 161 162 1
0 624 625 626 164 165 166 1
0 627 628 629 166 167 164 1
0 630 631 632 165 163 162 1
0 633 634 635 162 166 165 1
0 636 637 638 164 168 169 1
0 639 640 641 164 167 168 1
0 642 643 644 61 170 171 1
0 645 646 647 171 172 61 1
0 648 649 650 60 172 171 1
0 651 652 653 171 173 60 1
0 654 655 656 173 174 175 1
0 657 658 659 175 60 173 1
0 660 661 662 176 177 178 1
0 663 664 665 176 179 177 1
0 666 667 668 176 178 180 1
0 669 670 671 180 181 176 1
0 672 673 674 181 180 182 1
0 675 676 677 182 183 181 1
0 678 679 680 184 183 182 1
0 681 682 683 182 185 184 1
0 684 685 686 185 175 174 1
0 687 688 689 185 174 184 1
0 690 691 692 168 170 61 1
0 693 694 695 61 169 168 1
0 696 697 698 186 187 188 1
0 699 700 701 188 189 186 1
0 702 703 704 159 158 189 1
0 705 706 707 189 188 159 1
0 708 709 710 186 177 179 1
0 711 712 713 179 187 186 1
0 714 715 716 50 58 48 1
0 717 718 719 125 133 123 1
"Regroup07" 0 2
120
0 -1.000000 9.000000 1.000000 0.000000 0.000000 -1
0 4.000000 9.000000 1.000000 0.000000 0.000000 -1
0 -1.000000 13.000000 1.000000 0.000000 0.000000 -1
0 9.000000 4.000000 1.000000 0.000000 0.000000 -1
0 9.000000 -1.000000 1.000000 0.000000 0.000000 -1
0 13.000000 -1.000000 1.000000 0.000000 0.000000 -1
0 13.000000 -1.000000 1.000000 0.000000 0.000000 -1
0 19.000000 -7.000000 1.000000 0.000000 0.000000 -1
0 19.000000 17.000000 1.000000 0.000000 0.000000 -1
0 19.000000 17.000000 1.000000 0.000000 0.000000 -1
0 9.000000 4.000000 1.000000 0.000000 0.000000 -1
0 13.000000 -1.000000 1.000000 0.000000 0.000000 -1
0 19.000000 17.000000 1.000000 0.000000 0.000000 -1
0 4.000000 9.000000 1.000000 0.000000 0.000000 -1
0 9.000000 4.000000 1.000000 0.000000 0.000000 -1
0 4.000000 9.000000 1.000000 0.000000 0.000000 -1
0 19.000000 17.000000 1.000000 0.000000 0.000000 -1
0 17.000000 19.000000 1.000000 0.000000 0.000000 -1
0 17.000000 19.000000 1.000000 0.000000 0.000000 -1
0 -1.000000 13.000000 1.000000 0.000000 0.000000 -1
0 4.000000 9.000000 1.000000 0.000000 0.000000 -1
0 17.000000 19.000000 1.000000 0.000000 0.000000 -1
0 -7.000000 19.000000 1.000000 0.000000 0.000000 -1
0 -1.000000 13.000000 1.000000 0.000000 0.000000 -1
0 0.000000 -8.000000 1.000000 0.000000 0.000000 -1
0 5.000000 -3.000000 1.000000 0.000000 0.000000 -1
0 0.000000 -4.000000 1.000000 0.000000 0.000000 -1
0 0.000000 -4.000000 1.000000 0.000000 0.000000 -1
0 5.000000 -3.000000 1.000000 0.000000 0.000000 -1
0 5.000000 1.000000 1.000000 0.000000 0.000000 -1
0 5.000000 1.000000 1.000000 0.000000 0.000000 -1
0 1.000000 5.000000 1.000000 0.000000 0.000000 -1
0 -4.000000 0.000000 1.000000 0.000000 0.000000 -1
0 -4.000000 0.000000 1.000000 0.000000 0.000000 -1
0 0.000000 -4.000000 1.000000 0.000000 0.000000 -1
0 5.000000 1.000000 1.000000 0.000000 0.000000 -1
0 -4.000000 0.000000 1.000000 0.000000 0.000000 -1
0 1.000000 5.000000 1.000000 0.000000 0.000000 -1
0 -3.000000 5.000000 1.000000 0.000000 0.000000 -1
0 -3.000000 5.000000 1.000000 0.000000 0.000000 -1
0 -8.000000 0.000000 1.000000 0.000000 0.000000 -1
0 -4.000000 0.000000 1.000000 0.000000 0.000000 -1
0 -7.000000 -14.000000 1.000000 0.000000 0.000000 -1
0 -7.000000 -15.000000 1.000000 0.000000 0.000000 -1
0 -4.000000 -12.000000 1.000000 0.000000 0.000000 -1
0 -4.000000 -12.000000 1.000000 0.000000 0.000000 -1
0 -4.000000 -7.000000 1.000000 0.000000 0.000000 -1
0 -7.000000 -14.000000 1.000000 0.000000 0.000000 -1
0 -7.000000 -14.000000 1.000000 0.000000 0.000000 -1
0 -4.000000 -7.000000 1.000000 0.000000 0.000000 -1
0 -7.000000 -4.000000 1.000000 0.000000 0.000000 -1
0 -7.000000 -4.000000 1.000000 0.000000 0.000000 -1
0 -14.000000 -7.000000 1.000000 0.000000 0.000000 -1
0 -7.000000 -14.000000 1.000000 0.000000 0.000000 -1
0 -14.000000 -7.000000 1.000000 0.000000 0.000000 -1
0 -7.000000 -4.000000 1.000000 0.000000 0.000000 -1
0 -12.000000 -4.000000 1.000000 0.000000 0.000000 -1
0 -12.000000 -4.000000 1.000000 0.000000 0.000000 -1
0 -15.000000 -7.000000 1.000000 0.000000 0.000000 -1
0 -14.000000 -7.000000 1.000000 0.000000 0.000000 -1
0 -1.000000 13.000000 -1.000000 0.000000 0.000000 -1
0 4.000000 9.000000 -1.000000 0.000000 0.000000 -1
0 -1.000000 9.000000 -1.000000 0.000000 0.000000 -1
0 13.000000 -1.000000 -1.000000 0.000000 0.000000 -1
0 9.000000 -1.000000 -1.000000 0.000000 0.000000 -1
0 9.000000 4.000000 -1.000000 0.000000 0.000000 -1
0 19.000000 17.000000 -1.000000 0.000000 0.000000 -1
0 19.000000 -7.000000 -1.000000 0.000000 0.000000 -1
0 13.000000 -1.000000 -1.000000 0.000000 0.000000 -1
0 13.000000 -1.000000 -1.000000 0.000000 0.000000 -1
0 9.000000 4.000000 -1.000000 0.000000 0.000000 -1
0 19.000000 17.000000 -1.000000 0.000000 0.000000 -1
0 9.000000 4.000000 -1.000000 0.000000 0.000000 -1
0 4.000000 9.000000 -1.000000 0.000000 0.000000 -1
0 19.000000 17.000000 -1.000000 0.000000 0.000000 -1
0 17.000000 19.000000 -1.000000 0.000000 0.000000 -1
0 19.000000 17.000000 -1.000000 0.000000 0.000000 -1
0 4.000000 9.000000 -1.000000 0.000000 0.000000 -1
0 4.000000 9.000000 -1.000000 0.000000 0.000000 -1
0 -1.000000 13.000000 -1.000000 0.000000 0.000000 -1
0 17.000000 19.000000 -1.000000 0.000000 0.000000 -1
0 -1.000000 13.000000 -1.000000 0.000000 0.000000 -1
0 -7.000000 19.000000 -1.000000 0.000000 0.000000 -1
0 17.000000 19.000000 -1.000000 0.000000 0.000000 -1
0 0.000000 -4.000000 -1.000000 0.000000 0.000000 -1
0 5.000000 -3.000000 -1.000000 0.000000 0.000000 -1
0 0.000000 -8.000000 -1.000000 0.000000 0.000000 -1
0 5.000000 1.000000 -1.000000 0.000000 0.000000 -1
0 5.000000 -3.000000 -1.000000 0.000000 0.000000 -1
0 0.000000 -4.000000 -1.000000 0.000000 0.000000 -1
0 -4.000000 0.000000 -1.000000 0.000000 0.000000 -1
0 1.000000 5.000000 -1.000000 0.000000 0.000000 -1
0 5.000000 1.000000 -1.000000 0.000000 0.000000 -1
0 5.000000 1.000000 -1.000000 0.000000 0.000000 -1
0 0.000000 -4.000000 -1.000000 0.000000 0.000000 -1
0 -4.000000 0.000000 -1.000000 0.000000 0.000000 -1
0 -3.000000 5.000000 -1.000000 0.000000 0.000000 -1
0 1.000000 5.000000 -1.000000 0.000000 0.000000 -1
0 -4.000000 0.000000 -1.000000 0.000000 0.000000 -1
0 -4.000000 0.000000 -1.000000 0.000000 0.000000 -1
0 -8.000000 0.000000 -1.000000 0.000000 0.000000 -1
0 -3.000000 5.000000 -1.000000 0.000000 0.000000 -1
0 -4.000000 -12.000000 -1.000000 0.000000 0.000000 -1
0 -7.000000 -15.000000 -1.000000 0.000000 0.000000 -1
0 -7.000000 -14.000000 -1.000000 0.000000 0.000000 -1
0 -7.000000 -14.000000 -1.000000 0.000000 0.000000 -1
0 -4.000000 -7.000000 -1.000000 0.000000 0.000000 -1
0 -4.000000 -12.000000 -1.000000 0.000000 0.000000 -1
0 -7.000000 -4.000000 -1.000000 0.000000 0.000000 -1
0 -4.000000 -7.000000 -1.000000 0.000000 0.000000 -1
0 -7.000000 -14.000000 -1.000000 0.000000 0.000000 -1
0 -7.000000 -14.000000 -1.000000 0.000000 0.000000 -1
0 -14.000000 -7.000000 -1.000000 0.000000 0.000000 -1
0 -7.000000 -4.000000 -1.000000 0.000000 0.000000 -1
0 -12.000000 -4.000000 -1.000000 0.000000 0.000000 -1
0 -7.000000 -4.000000 -1.000000 0.000000 0.000000 -1
0 -14.000000 -7.000000 -1.000000 0.000000 0.000000 -1
0 -14.000000 -7.000000 -1.000000 0.000000 0.000000 -1
0 -15.000000 -7.000000 -1.000000 0.000000 0.000000 -1
0 -12.000000 -4.000000 -1.000000 0.000000 0.000000 -1
44
0.577350 0.577350 0.577350
0.259688 0.626943 0.734510
0.717284 0.297109 0.630262
0.659908 0.172371 0.731307
0.172371 0.659908 0.731307
-0.320377 0.773459 0.546918
-0.494570 -0.289713 0.819431
-0.200690 -0.484508 0.851455
0.397052 -0.725981 0.561517
0.725981 0.397052 0.561517
-0.701960 0.411198 0.581522
0.484508 0.200690 0.851455
-0.659908 -0.172371 0.731307
-0.336557 -0.812520 0.475963
0.411198 -0.701960 0.581522
0.561517 0.232588 0.794105
0.494570 0.289713 0.819431
-0.812520 0.336557 0.475963
-0.626943 -0.259688 0.734510
-0.297109 -0.717284 0.630262
0.200690 0.484508 0.851455
0.397052 0.725981 0.561517
0.717284 0.297109 -0.630262
0.259688 0.626943 -0.734510
0.577350 0.577350 -0.577350
0.172371 0.659908 -0.731307
0.659908 0.172371 -0.731307
-0.494570 -0.289713 -0.819431
-0.320377 0.773459 -0.546918
-0.200690 -0.484508 -0.851455
0.397052 -0.725981 -0.561517
0.484508 0.200690 -0.851455
-0.701960 0.411198 -0.581522
0.725981 0.397052 -0.561517
-0.659908 -0.172371 -0.731307
-0.336557 -0.812520 -0.475963
0.411198 -0.701960 -0.581522
0.561517 0.232588 -0.794105
-0.812520 0.336557 -0.475963
0.494570 0.289713 -0.819431
-0.626943 -0.259688 -0.734510
-0.297109 -0.717284 -0.630262
0.200690 0.484508 -0.851455
0.397052 0.725981 -0.561517
40
0 0 1 2 0 1 2 1
0 3 4 5 3 0 4 1
0 6 7 8 4 5 6 1
0 9 10 11 6 3 4 1
0 12 13 14 6 1 3 1
0 15 16 17 1 6 7 1
0 18 19 20 7 2 1 1
0 21 22 23 7 8 2 1
0 24 25 26 9 10 11 1
0 27 28 29 11 10 12 1
0 30 31 32 12 13 1 1
0 33 34 35 1 11 12 1
0 36 37 38 1 13 14 1
0 39 40 41 14 15 1 1
0 42 43 44 16 9 17 1
0 45 46 47 17 18 16 1
0 48 49 50 16 18 19 1
0 51 52 53 19 20 16 1
0 54 55 56 20 19 14 1
0 57 58 59 14 21 20 1
0 60 61 62 22 23 24 1
0 63 64 65 25 24 26 1
0 66 67 68 27 28 25 1
0 69 70 71 25 26 27 1
0 72 73 74 26 23 27 1
0 75 76 77 29 27 23 1
0 78 79 80 23 22 29 1
0 81 82 83 22 30 29 1
0 84 85 86 31 32 33 1
0 87 88 89 34 32 31 1
0 90 91 92 23 35 34 1
0 93 94 95 34 31 23 1
0 96 97 98 36 35 23 1
0 99 100 101 23 37 36 1
0 102 103 104 38 33 39 1
0 105 106 107 39 40 38 1
0 108 109 110 41 40 39 1
0 111 112 113 39 42 41 1
0 114 115 116 36 41 42 1
0 117 118 119 42 43 36 1

Materials: 3
"Material01"
0.200000 0.200000 0.200000 1.000000
0.800000 0.800000 0.800000 1.000000
0.000000 0.000000 0.000000 1.000000
0.000000 0.000000 0.000000 1.000000
0.000000
1.000000
"Black.png"
""
"Material02"
0.200000 0.200000 0.200000 1.000000
0.800000 0.800000 0.800000 1.000000
0.000000 0.000000 0.000000 1.000000
0.000000 0.000000 0.000000 1.000000
0.000000
1.000000
"White.png"
""
"Material03"
0.200000 0.200000 0.200000 1.000000
0.800000 0.800000 0.800000 1.000000
0.000000 0.000000 0.000000 1.000000
0.000000 0.000000 0.000000 1.000000
0.000000
1.000000
"Red.png"
""

Bones: 0
GroupComments: 0
MaterialComments: 0
BoneComments: 0
ModelComment: 0
