// MilkShape 3D ASCII

Frames: 30
Frame: 1

Meshes: 3
"Regroup10" 0 0
186
0 19.000000 14.000000 4.000000 0.000000 0.000000 -1
0 14.000000 19.000000 4.000000 0.000000 0.000000 -1
0 14.000000 18.000000 3.000000 0.000000 0.000000 -1
0 14.000000 18.000000 3.000000 0.000000 0.000000 -1
0 18.000000 14.000000 3.000000 0.000000 0.000000 -1
0 19.000000 14.000000 4.000000 0.000000 0.000000 -1
0 25.000000 16.000000 4.000000 0.000000 0.000000 -1
0 26.000000 16.000000 3.000000 0.000000 0.000000 -1
0 16.000000 26.000000 3.000000 0.000000 0.000000 -1
0 16.000000 26.000000 3.000000 0.000000 0.000000 -1
0 16.000000 25.000000 4.000000 0.000000 0.000000 -1
0 25.000000 16.000000 4.000000 0.000000 0.000000 -1
0 -14.000000 18.000000 3.000000 0.000000 0.000000 -1
0 -14.000000 19.000000 4.000000 0.000000 0.000000 -1
0 -19.000000 14.000000 4.000000 0.000000 0.000000 -1
0 -19.000000 14.000000 4.000000 0.000000 0.000000 -1
0 -18.000000 14.000000 3.000000 0.000000 0.000000 -1
0 -14.000000 18.000000 3.000000 0.000000 0.000000 -1
0 -16.000000 26.000000 3.000000 0.000000 0.000000 -1
0 -26.000000 16.000000 3.000000 0.000000 0.000000 -1
0 -25.000000 16.000000 4.000000 0.000000 0.000000 -1
0 -25.000000 16.000000 4.000000 0.000000 0.000000 -1
0 -16.000000 25.000000 4.000000 0.000000 0.000000 -1
0 -16.000000 26.000000 3.000000 0.000000 0.000000 -1
0 14.000000 -18.000000 3.000000 0.000000 0.000000 -1
0 14.000000 -19.000000 4.000000 0.000000 0.000000 -1
0 19.000000 -14.000000 4.000000 0.000000 0.000000 -1
0 19.000000 -14.000000 4.000000 0.000000 0.000000 -1
0 18.000000 -14.000000 3.000000 0.000000 0.000000 -1
0 14.000000 -18.000000 3.000000 0.000000 0.000000 -1
0 16.000000 -26.000000 3.000000 0.000000 0.000000 -1
0 26.000000 -16.000000 3.000000 0.000000 0.000000 -1
0 25.000000 -16.000000 4.000000 0.000000 0.000000 -1
0 25.000000 -16.000000 4.000000 0.000000 0.000000 -1
0 16.000000 -25.000000 4.000000 0.000000 0.000000 -1
0 16.000000 -26.000000 3.000000 0.000000 0.000000 -1
0 -19.000000 -14.000000 4.000000 0.000000 0.000000 -1
0 -14.000000 -19.000000 4.000000 0.000000 0.000000 -1
0 -14.000000 -18.000000 3.000000 0.000000 0.000000 -1
0 -14.000000 -18.000000 3.000000 0.000000 0.000000 -1
0 -18.000000 -14.000000 3.000000 0.000000 0.000000 -1
0 -19.000000 -14.000000 4.000000 0.000000 0.000000 -1
0 -16.000000 -26.000000 3.000000 0.000000 0.000000 -1
0 -16.000000 -25.000000 4.000000 0.000000 0.000000 -1
0 -25.000000 -16.000000 4.000000 0.000000 0.000000 -1
0 25.000000 -16.000000 4.000000 0.000000 0.000000 -1
0 26.000000 -16.000000 3.000000 0.000000 0.000000 -1
0 26.000000 16.000000 3.000000 0.000000 0.000000 -1
0 26.000000 16.000000 3.000000 0.000000 0.000000 -1
0 25.000000 16.000000 4.000000 0.000000 0.000000 -1
0 25.000000 -16.000000 4.000000 0.000000 0.000000 -1
0 16.000000 25.000000 4.000000 0.000000 0.000000 -1
0 16.000000 26.000000 3.000000 0.000000 0.000000 -1
0 -16.000000 26.000000 3.000000 0.000000 0.000000 -1
0 -16.000000 26.000000 3.000000 0.000000 0.000000 -1
0 -16.000000 25.000000 4.000000 0.000000 0.000000 -1
0 16.000000 25.000000 4.000000 0.000000 0.000000 -1
0 -26.000000 16.000000 3.000000 0.000000 0.000000 -1
0 -26.000000 -16.000000 3.000000 0.000000 0.000000 -1
0 -25.000000 -16.000000 4.000000 0.000000 0.000000 -1
0 -25.000000 -16.000000 4.000000 0.000000 0.000000 -1
0 -25.000000 16.000000 4.000000 0.000000 0.000000 -1
0 -26.000000 16.000000 3.000000 0.000000 0.000000 -1
0 -16.000000 -25.000000 4.000000 0.000000 0.000000 -1
0 -16.000000 -26.000000 3.000000 0.000000 0.000000 -1
0 16.000000 -26.000000 3.000000 0.000000 0.000000 -1
0 16.000000 -26.000000 3.000000 0.000000 0.000000 -1
0 16.000000 -25.000000 4.000000 0.000000 0.000000 -1
0 -16.000000 -25.000000 4.000000 0.000000 0.000000 -1
0 19.000000 -14.000000 4.000000 0.000000 0.000000 -1
0 19.000000 14.000000 4.000000 0.000000 0.000000 -1
0 18.000000 14.000000 3.000000 0.000000 0.000000 -1
0 18.000000 14.000000 3.000000 0.000000 0.000000 -1
0 18.000000 -14.000000 3.000000 0.000000 0.000000 -1
0 19.000000 -14.000000 4.000000 0.000000 0.000000 -1
0 14.000000 18.000000 3.000000 0.000000 0.000000 -1
0 14.000000 19.000000 4.000000 0.000000 0.000000 -1
0 -14.000000 19.000000 4.000000 0.000000 0.000000 -1
0 -14.000000 19.000000 4.000000 0.000000 0.000000 -1
0 -14.000000 18.000000 3.000000 0.000000 0.000000 -1
0 14.000000 18.000000 3.000000 0.000000 0.000000 -1
0 -18.000000 14.000000 3.000000 0.000000 0.000000 -1
0 -19.000000 14.000000 4.000000 0.000000 0.000000 -1
0 -19.000000 -14.000000 4.000000 0.000000 0.000000 -1
0 -19.000000 -14.000000 4.000000 0.000000 0.000000 -1
0 -18.000000 -14.000000 3.000000 0.000000 0.000000 -1
0 -18.000000 14.000000 3.000000 0.000000 0.000000 -1
0 -14.000000 -18.000000 3.000000 0.000000 0.000000 -1
0 -14.000000 -19.000000 4.000000 0.000000 0.000000 -1
0 14.000000 -19.000000 4.000000 0.000000 0.000000 -1
0 14.000000 -18.000000 3.000000 0.000000 0.000000 -1
0 -14.000000 -18.000000 3.000000 0.000000 0.000000 -1
0 14.000000 -19.000000 4.000000 0.000000 0.000000 -1
0 14.000000 18.000000 -3.000000 0.000000 0.000000 -1
0 14.000000 19.000000 -4.000000 0.000000 0.000000 -1
0 19.000000 14.000000 -4.000000 0.000000 0.000000 -1
0 19.000000 14.000000 -4.000000 0.000000 0.000000 -1
0 18.000000 14.000000 -3.000000 0.000000 0.000000 -1
0 14.000000 18.000000 -3.000000 0.000000 0.000000 -1
0 16.000000 26.000000 -3.000000 0.000000 0.000000 -1
0 26.000000 16.000000 -3.000000 0.000000 0.000000 -1
0 25.000000 16.000000 -4.000000 0.000000 0.000000 -1
0 25.000000 16.000000 -4.000000 0.000000 0.000000 -1
0 16.000000 25.000000 -4.000000 0.000000 0.000000 -1
0 16.000000 26.000000 -3.000000 0.000000 0.000000 -1
0 -19.000000 14.000000 -4.000000 0.000000 0.000000 -1
0 -14.000000 19.000000 -4.000000 0.000000 0.000000 -1
0 -14.000000 18.000000 -3.000000 0.000000 0.000000 -1
0 -14.000000 18.000000 -3.000000 0.000000 0.000000 -1
0 -18.000000 14.000000 -3.000000 0.000000 0.000000 -1
0 -19.000000 14.000000 -4.000000 0.000000 0.000000 -1
0 -25.000000 16.000000 -4.000000 0.000000 0.000000 -1
0 -26.000000 16.000000 -3.000000 0.000000 0.000000 -1
0 -16.000000 26.000000 -3.000000 0.000000 0.000000 -1
0 -16.000000 26.000000 -3.000000 0.000000 0.000000 -1
0 -16.000000 25.000000 -4.000000 0.000000 0.000000 -1
0 -25.000000 16.000000 -4.000000 0.000000 0.000000 -1
0 19.000000 -14.000000 -4.000000 0.000000 0.000000 -1
0 14.000000 -19.000000 -4.000000 0.000000 0.000000 -1
0 14.000000 -18.000000 -3.000000 0.000000 0.000000 -1
0 14.000000 -18.000000 -3.000000 0.000000 0.000000 -1
0 18.000000 -14.000000 -3.000000 0.000000 0.000000 -1
0 19.000000 -14.000000 -4.000000 0.000000 0.000000 -1
0 25.000000 -16.000000 -4.000000 0.000000 0.000000 -1
0 26.000000 -16.000000 -3.000000 0.000000 0.000000 -1
0 16.000000 -26.000000 -3.000000 0.000000 0.000000 -1
0 16.000000 -26.000000 -3.000000 0.000000 0.000000 -1
0 16.000000 -25.000000 -4.000000 0.000000 0.000000 -1
0 25.000000 -16.000000 -4.000000 0.000000 0.000000 -1
0 -14.000000 -18.000000 -3.000000 0.000000 0.000000 -1
0 -14.000000 -19.000000 -4.000000 0.000000 0.000000 -1
0 -19.000000 -14.000000 -4.000000 0.000000 0.000000 -1
0 -19.000000 -14.000000 -4.000000 0.000000 0.000000 -1
0 -18.000000 -14.000000 -3.000000 0.000000 0.000000 -1
0 -14.000000 -18.000000 -3.000000 0.000000 0.000000 -1
0 -25.000000 -16.000000 -4.000000 0.000000 0.000000 -1
0 -16.000000 -25.000000 -4.000000 0.000000 0.000000 -1
0 -16.000000 -26.000000 -3.000000 0.000000 0.000000 -1
0 26.000000 16.000000 -3.000000 0.000000 0.000000 -1
0 26.000000 -16.000000 -3.000000 0.000000 0.000000 -1
0 25.000000 -16.000000 -4.000000 0.000000 0.000000 -1
0 25.000000 -16.000000 -4.000000 0.000000 0.000000 -1
0 25.000000 16.000000 -4.000000 0.000000 0.000000 -1
0 26.000000 16.000000 -3.000000 0.000000 0.000000 -1
0 -16.000000 26.000000 -3.000000 0.000000 0.000000 -1
0 16.000000 26.000000 -3.000000 0.000000 0.000000 -1
0 16.000000 25.000000 -4.000000 0.000000 0.000000 -1
0 16.000000 25.000000 -4.000000 0.000000 0.000000 -1
0 -16.000000 25.000000 -4.000000 0.000000 0.000000 -1
0 -16.000000 26.000000 -3.000000 0.000000 0.000000 -1
0 -25.000000 -16.000000 -4.000000 0.000000 0.000000 -1
0 -26.000000 -16.000000 -3.000000 0.000000 0.000000 -1
0 -26.000000 16.000000 -3.000000 0.000000 0.000000 -1
0 -26.000000 16.000000 -3.000000 0.000000 0.000000 -1
0 -25.000000 16.000000 -4.000000 0.000000 0.000000 -1
0 -25.000000 -16.000000 -4.000000 0.000000 0.000000 -1
0 16.000000 -26.000000 -3.000000 0.000000 0.000000 -1
0 -16.000000 -26.000000 -3.000000 0.000000 0.000000 -1
0 -16.000000 -25.000000 -4.000000 0.000000 0.000000 -1
0 -16.000000 -25.000000 -4.000000 0.000000 0.000000 -1
0 16.000000 -25.000000 -4.000000 0.000000 0.000000 -1
0 16.000000 -26.000000 -3.000000 0.000000 0.000000 -1
0 18.000000 14.000000 -3.000000 0.000000 0.000000 -1
0 19.000000 14.000000 -4.000000 0.000000 0.000000 -1
0 19.000000 -14.000000 -4.000000 0.000000 0.000000 -1
0 19.000000 -14.000000 -4.000000 0.000000 0.000000 -1
0 18.000000 -14.000000 -3.000000 0.000000 0.000000 -1
0 18.000000 14.000000 -3.000000 0.000000 0.000000 -1
0 -14.000000 19.000000 -4.000000 0.000000 0.000000 -1
0 14.000000 19.000000 -4.000000 0.000000 0.000000 -1
0 14.000000 18.000000 -3.000000 0.000000 0.000000 -1
0 14.000000 18.000000 -3.000000 0.000000 0.000000 -1
0 -14.000000 18.000000 -3.000000 0.000000 0.000000 -1
0 -14.000000 19.000000 -4.000000 0.000000 0.000000 -1
0 -19.000000 -14.000000 -4.000000 0.000000 0.000000 -1
0 -19.000000 14.000000 -4.000000 0.000000 0.000000 -1
0 -18.000000 14.000000 -3.000000 0.000000 0.000000 -1
0 -18.000000 14.000000 -3.000000 0.000000 0.000000 -1
0 -18.000000 -14.000000 -3.000000 0.000000 0.000000 -1
0 -19.000000 -14.000000 -4.000000 0.000000 0.000000 -1
0 14.000000 -19.000000 -4.000000 0.000000 0.000000 -1
0 -14.000000 -19.000000 -4.000000 0.000000 0.000000 -1
0 -14.000000 -18.000000 -3.000000 0.000000 0.000000 -1
0 14.000000 -19.000000 -4.000000 0.000000 0.000000 -1
0 -14.000000 -18.000000 -3.000000 0.000000 0.000000 -1
0 14.000000 -18.000000 -3.000000 0.000000 0.000000 -1
64
-0.419330 -0.260070 0.869785
-0.105570 -0.234867 0.966278
-0.416567 -0.808049 0.416567
-0.892863 -0.244078 0.378446
0.297516 0.184521 0.936716
0.842549 0.380861 0.380861
0.419793 0.804704 0.419793
0.128356 0.442764 0.887403
0.417271 -0.856989 0.302415
0.106815 -0.368458 0.923487
0.349136 -0.216535 0.911711
0.841993 -0.292403 0.453374
-0.367001 0.854763 0.367001
-0.892863 0.244078 0.378446
-0.349136 0.216535 0.911711
-0.128017 0.284805 0.949999
-0.417271 0.856989 0.302415
-0.091061 0.314115 0.945008
-0.411643 0.185030 0.892364
-0.854763 0.367001 0.367001
0.416567 -0.808049 0.416567
0.910182 -0.292890 0.292890
0.411643 -0.185029 0.892364
0.161559 -0.359427 0.919082
0.478626 0.215137 0.851254
0.128017 0.284805 0.949999
0.416567 0.808049 0.416567
0.910182 0.292890 0.292890
-0.353063 -0.866425 0.353063
-0.106815 -0.368458 0.923487
-0.359427 -0.161559 0.919082
-0.841993 -0.453374 0.292403
-0.416567 -0.808049 -0.416567
-0.105570 -0.234867 -0.966278
-0.419330 -0.260070 -0.869785
-0.892863 -0.244078 -0.378446
0.417271 0.856989 -0.302415
0.892863 0.244078 -0.378446
0.297516 0.184521 -0.936716
0.128356 0.442764 -0.887403
0.349136 -0.216535 -0.911711
0.106815 -0.368458 -0.923487
0.417271 -0.856989 -0.302415
0.841993 -0.292403 -0.453374
-0.349136 0.216535 -0.911711
-0.842549 0.380861 -0.380861
-0.349670 0.803088 -0.482473
-0.128017 0.284805 -0.949999
-0.411643 0.185030 -0.892364
-0.091061 0.314115 -0.945008
-0.417271 0.856989 -0.302415
-0.854763 0.367001 -0.367001
0.411643 -0.185029 -0.892364
0.841993 -0.453374 -0.292403
0.302415 -0.856989 -0.417271
0.161559 -0.359427 -0.919082
0.416567 0.808049 -0.416567
0.128017 0.284805 -0.949999
0.478626 0.215137 -0.851254
0.910182 0.292890 -0.292890
-0.359427 -0.161559 -0.919082
-0.106815 -0.368458 -0.923487
-0.482473 -0.803088 -0.349670
-0.910182 -0.292890 -0.292890
62
0 0 1 2 0 1 2 1
0 3 4 5 2 3 0 1
0 6 7 8 4 5 6 1
0 9 10 11 6 7 4 1
0 12 13 14 8 9 10 1
0 15 16 17 10 11 8 1
0 18 19 20 12 13 14 1
0 21 22 23 14 15 12 1
0 24 25 26 16 17 18 1
0 27 28 29 18 19 16 1
0 30 31 32 20 21 22 1
0 33 34 35 22 23 20 1
0 36 37 38 24 25 26 1
0 39 40 41 26 27 24 1
0 42 43 44 28 29 30 1
0 45 46 47 22 21 5 1
0 48 49 50 5 4 22 1
0 51 52 53 7 6 12 1
0 54 55 56 12 15 7 1
0 57 58 59 13 31 30 1
0 60 61 62 30 14 13 1
0 63 64 65 29 28 20 1
0 66 67 68 20 23 29 1
0 69 70 71 18 0 3 1
0 72 73 74 3 19 18 1
0 75 76 77 2 1 9 1
0 78 79 80 9 8 2 1
0 81 82 83 11 10 24 1
0 84 85 86 24 27 11 1
0 87 88 89 26 25 17 1
0 90 91 92 16 26 17 1
0 93 94 95 32 33 34 1
0 96 97 98 34 35 32 1
0 99 100 101 36 37 38 1
0 102 103 104 38 39 36 1
0 105 106 107 40 41 42 1
0 108 109 110 42 43 40 1
0 111 112 113 44 45 46 1
0 114 115 116 46 47 44 1
0 117 118 119 48 49 50 1
0 120 121 122 50 51 48 1
0 123 124 125 52 53 54 1
0 126 127 128 54 55 52 1
0 129 130 131 56 57 58 1
0 132 133 134 58 59 56 1
0 135 136 137 60 61 62 1
0 138 139 140 37 53 52 1
0 141 142 143 52 38 37 1
0 144 145 146 46 36 39 1
0 147 148 149 39 47 46 1
0 150 151 152 60 63 45 1
0 153 154 155 45 44 60 1
0 156 157 158 54 62 61 1
0 159 160 161 61 55 54 1
0 162 163 164 35 34 48 1
0 165 166 167 48 51 35 1
0 168 169 170 41 33 32 1
0 171 172 173 32 42 41 1
0 174 175 176 58 40 43 1
0 177 178 179 43 59 58 1
0 180 181 182 49 57 56 1
0 183 184 185 49 56 50 1
"Regroup11" 0 1
246
0 14.000000 19.000000 4.000000 0.000000 0.000000 -1
0 19.000000 14.000000 4.000000 0.000000 0.000000 -1
0 25.000000 16.000000 4.000000 0.000000 0.000000 -1
0 25.000000 16.000000 4.000000 0.000000 0.000000 -1
0 16.000000 25.000000 4.000000 0.000000 0.000000 -1
0 14.000000 19.000000 4.000000 0.000000 0.000000 -1
0 18.000000 14.000000 2.000000 0.000000 0.000000 -1
0 18.000000 14.000000 3.000000 0.000000 0.000000 -1
0 14.000000 18.000000 3.000000 0.000000 0.000000 -1
0 14.000000 18.000000 3.000000 0.000000 0.000000 -1
0 14.000000 18.000000 2.000000 0.000000 0.000000 -1
0 18.000000 14.000000 2.000000 0.000000 0.000000 -1
0 -25.000000 16.000000 4.000000 0.000000 0.000000 -1
0 -19.000000 14.000000 4.000000 0.000000 0.000000 -1
0 -14.000000 19.000000 4.000000 0.000000 0.000000 -1
0 -14.000000 19.000000 4.000000 0.000000 0.000000 -1
0 -16.000000 25.000000 4.000000 0.000000 0.000000 -1
0 -25.000000 16.000000 4.000000 0.000000 0.000000 -1
0 -14.000000 18.000000 3.000000 0.000000 0.000000 -1
0 -18.000000 14.000000 3.000000 0.000000 0.000000 -1
0 -18.000000 14.000000 2.000000 0.000000 0.000000 -1
0 -18.000000 14.000000 2.000000 0.000000 0.000000 -1
0 -14.000000 18.000000 2.000000 0.000000 0.000000 -1
0 -14.000000 18.000000 3.000000 0.000000 0.000000 -1
0 25.000000 -16.000000 4.000000 0.000000 0.000000 -1
0 19.000000 -14.000000 4.000000 0.000000 0.000000 -1
0 14.000000 -19.000000 4.000000 0.000000 0.000000 -1
0 14.000000 -19.000000 4.000000 0.000000 0.000000 -1
0 16.000000 -25.000000 4.000000 0.000000 0.000000 -1
0 25.000000 -16.000000 4.000000 0.000000 0.000000 -1
0 14.000000 -18.000000 3.000000 0.000000 0.000000 -1
0 18.000000 -14.000000 3.000000 0.000000 0.000000 -1
0 18.000000 -14.000000 2.000000 0.000000 0.000000 -1
0 18.000000 -14.000000 2.000000 0.000000 0.000000 -1
0 14.000000 -18.000000 2.000000 0.000000 0.000000 -1
0 14.000000 -18.000000 3.000000 0.000000 0.000000 -1
0 -14.000000 -19.000000 4.000000 0.000000 0.000000 -1
0 -19.000000 -14.000000 4.000000 0.000000 0.000000 -1
0 -25.000000 -16.000000 4.000000 0.000000 0.000000 -1
0 -25.000000 -16.000000 4.000000 0.000000 0.000000 -1
0 -16.000000 -25.000000 4.000000 0.000000 0.000000 -1
0 -14.000000 -19.000000 4.000000 0.000000 0.000000 -1
0 -25.000000 -16.000000 4.000000 0.000000 0.000000 -1
0 -26.000000 -16.000000 3.000000 0.000000 0.000000 -1
0 -16.000000 -26.000000 3.000000 0.000000 0.000000 -1
0 -18.000000 -14.000000 2.000000 0.000000 0.000000 -1
0 -18.000000 -14.000000 3.000000 0.000000 0.000000 -1
0 -14.000000 -18.000000 3.000000 0.000000 0.000000 -1
0 -14.000000 -18.000000 3.000000 0.000000 0.000000 -1
0 -14.000000 -18.000000 2.000000 0.000000 0.000000 -1
0 -18.000000 -14.000000 2.000000 0.000000 0.000000 -1
0 -16.000000 -25.000000 4.000000 0.000000 0.000000 -1
0 16.000000 -25.000000 4.000000 0.000000 0.000000 -1
0 14.000000 -19.000000 4.000000 0.000000 0.000000 -1
0 -16.000000 -25.000000 4.000000 0.000000 0.000000 -1
0 14.000000 -19.000000 4.000000 0.000000 0.000000 -1
0 -14.000000 -19.000000 4.000000 0.000000 0.000000 -1
0 25.000000 16.000000 4.000000 0.000000 0.000000 -1
0 19.000000 14.000000 4.000000 0.000000 0.000000 -1
0 19.000000 -14.000000 4.000000 0.000000 0.000000 -1
0 19.000000 -14.000000 4.000000 0.000000 0.000000 -1
0 25.000000 -16.000000 4.000000 0.000000 0.000000 -1
0 25.000000 16.000000 4.000000 0.000000 0.000000 -1
0 14.000000 19.000000 4.000000 0.000000 0.000000 -1
0 16.000000 25.000000 4.000000 0.000000 0.000000 -1
0 -16.000000 25.000000 4.000000 0.000000 0.000000 -1
0 -16.000000 25.000000 4.000000 0.000000 0.000000 -1
0 -14.000000 19.000000 4.000000 0.000000 0.000000 -1
0 14.000000 19.000000 4.000000 0.000000 0.000000 -1
0 -25.000000 -16.000000 4.000000 0.000000 0.000000 -1
0 -19.000000 -14.000000 4.000000 0.000000 0.000000 -1
0 -19.000000 14.000000 4.000000 0.000000 0.000000 -1
0 -25.000000 16.000000 4.000000 0.000000 0.000000 -1
0 -25.000000 -16.000000 4.000000 0.000000 0.000000 -1
0 -19.000000 14.000000 4.000000 0.000000 0.000000 -1
0 18.000000 14.000000 3.000000 0.000000 0.000000 -1
0 18.000000 14.000000 2.000000 0.000000 0.000000 -1
0 18.000000 -14.000000 2.000000 0.000000 0.000000 -1
0 18.000000 -14.000000 2.000000 0.000000 0.000000 -1
0 18.000000 -14.000000 3.000000 0.000000 0.000000 -1
0 18.000000 14.000000 3.000000 0.000000 0.000000 -1
0 -14.000000 18.000000 3.000000 0.000000 0.000000 -1
0 -14.000000 18.000000 2.000000 0.000000 0.000000 -1
0 14.000000 18.000000 2.000000 0.000000 0.000000 -1
0 14.000000 18.000000 2.000000 0.000000 0.000000 -1
0 14.000000 18.000000 3.000000 0.000000 0.000000 -1
0 -14.000000 18.000000 3.000000 0.000000 0.000000 -1
0 -18.000000 14.000000 2.000000 0.000000 0.000000 -1
0 -18.000000 14.000000 3.000000 0.000000 0.000000 -1
0 -18.000000 -14.000000 3.000000 0.000000 0.000000 -1
0 -18.000000 -14.000000 3.000000 0.000000 0.000000 -1
0 -18.000000 -14.000000 2.000000 0.000000 0.000000 -1
0 -18.000000 14.000000 2.000000 0.000000 0.000000 -1
0 14.000000 -18.000000 3.000000 0.000000 0.000000 -1
0 14.000000 -18.000000 2.000000 0.000000 0.000000 -1
0 -14.000000 -18.000000 2.000000 0.000000 0.000000 -1
0 -14.000000 -18.000000 2.000000 0.000000 0.000000 -1
0 -14.000000 -18.000000 3.000000 0.000000 0.000000 -1
0 14.000000 -18.000000 3.000000 0.000000 0.000000 -1
0 25.000000 16.000000 -4.000000 0.000000 0.000000 -1
0 19.000000 14.000000 -4.000000 0.000000 0.000000 -1
0 14.000000 19.000000 -4.000000 0.000000 0.000000 -1
0 14.000000 19.000000 -4.000000 0.000000 0.000000 -1
0 16.000000 25.000000 -4.000000 0.000000 0.000000 -1
0 25.000000 16.000000 -4.000000 0.000000 0.000000 -1
0 14.000000 18.000000 -3.000000 0.000000 0.000000 -1
0 18.000000 14.000000 -3.000000 0.000000 0.000000 -1
0 18.000000 14.000000 -2.000000 0.000000 0.000000 -1
0 18.000000 14.000000 -2.000000 0.000000 0.000000 -1
0 14.000000 18.000000 -2.000000 0.000000 0.000000 -1
0 14.000000 18.000000 -3.000000 0.000000 0.000000 -1
0 -14.000000 19.000000 -4.000000 0.000000 0.000000 -1
0 -19.000000 14.000000 -4.000000 0.000000 0.000000 -1
0 -25.000000 16.000000 -4.000000 0.000000 0.000000 -1
0 -25.000000 16.000000 -4.000000 0.000000 0.000000 -1
0 -16.000000 25.000000 -4.000000 0.000000 0.000000 -1
0 -14.000000 19.000000 -4.000000 0.000000 0.000000 -1
0 -18.000000 14.000000 -2.000000 0.000000 0.000000 -1
0 -18.000000 14.000000 -3.000000 0.000000 0.000000 -1
0 -14.000000 18.000000 -3.000000 0.000000 0.000000 -1
0 -14.000000 18.000000 -3.000000 0.000000 0.000000 -1
0 -14.000000 18.000000 -2.000000 0.000000 0.000000 -1
0 -18.000000 14.000000 -2.000000 0.000000 0.000000 -1
0 14.000000 -19.000000 -4.000000 0.000000 0.000000 -1
0 19.000000 -14.000000 -4.000000 0.000000 0.000000 -1
0 25.000000 -16.000000 -4.000000 0.000000 0.000000 -1
0 25.000000 -16.000000 -4.000000 0.000000 0.000000 -1
0 16.000000 -25.000000 -4.000000 0.000000 0.000000 -1
0 14.000000 -19.000000 -4.000000 0.000000 0.000000 -1
0 18.000000 -14.000000 -2.000000 0.000000 0.000000 -1
0 18.000000 -14.000000 -3.000000 0.000000 0.000000 -1
0 14.000000 -18.000000 -3.000000 0.000000 0.000000 -1
0 14.000000 -18.000000 -3.000000 0.000000 0.000000 -1
0 14.000000 -18.000000 -2.000000 0.000000 0.000000 -1
0 18.000000 -14.000000 -2.000000 0.000000 0.000000 -1
0 -25.000000 -16.000000 -4.000000 0.000000 0.000000 -1
0 -19.000000 -14.000000 -4.000000 0.000000 0.000000 -1
0 -14.000000 -19.000000 -4.000000 0.000000 0.000000 -1
0 -14.000000 -19.000000 -4.000000 0.000000 0.000000 -1
0 -16.000000 -25.000000 -4.000000 0.000000 0.000000 -1
0 -25.000000 -16.000000 -4.000000 0.000000 0.000000 -1
0 -16.000000 -26.000000 -3.000000 0.000000 0.000000 -1
0 -26.000000 -16.000000 -3.000000 0.000000 0.000000 -1
0 -25.000000 -16.000000 -4.000000 0.000000 0.000000 -1
0 -14.000000 -18.000000 -3.000000 0.000000 0.000000 -1
0 -18.000000 -14.000000 -3.000000 0.000000 0.000000 -1
0 -18.000000 -14.000000 -2.000000 0.000000 0.000000 -1
0 -18.000000 -14.000000 -2.000000 0.000000 0.000000 -1
0 -14.000000 -18.000000 -2.000000 0.000000 0.000000 -1
0 -14.000000 -18.000000 -3.000000 0.000000 0.000000 -1
0 14.000000 -19.000000 -4.000000 0.000000 0.000000 -1
0 16.000000 -25.000000 -4.000000 0.000000 0.000000 -1
0 -16.000000 -25.000000 -4.000000 0.000000 0.000000 -1
0 -14.000000 -19.000000 -4.000000 0.000000 0.000000 -1
0 14.000000 -19.000000 -4.000000 0.000000 0.000000 -1
0 -16.000000 -25.000000 -4.000000 0.000000 0.000000 -1
0 19.000000 -14.000000 -4.000000 0.000000 0.000000 -1
0 19.000000 14.000000 -4.000000 0.000000 0.000000 -1
0 25.000000 16.000000 -4.000000 0.000000 0.000000 -1
0 25.000000 16.000000 -4.000000 0.000000 0.000000 -1
0 25.000000 -16.000000 -4.000000 0.000000 0.000000 -1
0 19.000000 -14.000000 -4.000000 0.000000 0.000000 -1
0 -16.000000 25.000000 -4.000000 0.000000 0.000000 -1
0 16.000000 25.000000 -4.000000 0.000000 0.000000 -1
0 14.000000 19.000000 -4.000000 0.000000 0.000000 -1
0 14.000000 19.000000 -4.000000 0.000000 0.000000 -1
0 -14.000000 19.000000 -4.000000 0.000000 0.000000 -1
0 -16.000000 25.000000 -4.000000 0.000000 0.000000 -1
0 -19.000000 14.000000 -4.000000 0.000000 0.000000 -1
0 -19.000000 -14.000000 -4.000000 0.000000 0.000000 -1
0 -25.000000 -16.000000 -4.000000 0.000000 0.000000 -1
0 -19.000000 14.000000 -4.000000 0.000000 0.000000 -1
0 -25.000000 -16.000000 -4.000000 0.000000 0.000000 -1
0 -25.000000 16.000000 -4.000000 0.000000 0.000000 -1
0 18.000000 -14.000000 -2.000000 0.000000 0.000000 -1
0 18.000000 14.000000 -2.000000 0.000000 0.000000 -1
0 18.000000 14.000000 -3.000000 0.000000 0.000000 -1
0 18.000000 14.000000 -3.000000 0.000000 0.000000 -1
0 18.000000 -14.000000 -3.000000 0.000000 0.000000 -1
0 18.000000 -14.000000 -2.000000 0.000000 0.000000 -1
0 14.000000 18.000000 -2.000000 0.000000 0.000000 -1
0 -14.000000 18.000000 -2.000000 0.000000 0.000000 -1
0 -14.000000 18.000000 -3.000000 0.000000 0.000000 -1
0 -14.000000 18.000000 -3.000000 0.000000 0.000000 -1
0 14.000000 18.000000 -3.000000 0.000000 0.000000 -1
0 14.000000 18.000000 -2.000000 0.000000 0.000000 -1
0 -18.000000 -14.000000 -3.000000 0.000000 0.000000 -1
0 -18.000000 14.000000 -3.000000 0.000000 0.000000 -1
0 -18.000000 14.000000 -2.000000 0.000000 0.000000 -1
0 -18.000000 14.000000 -2.000000 0.000000 0.000000 -1
0 -18.000000 -14.000000 -2.000000 0.000000 0.000000 -1
0 -18.000000 -14.000000 -3.000000 0.000000 0.000000 -1
0 -14.000000 -18.000000 -2.000000 0.000000 0.000000 -1
0 14.000000 -18.000000 -2.000000 0.000000 0.000000 -1
0 14.000000 -18.000000 -3.000000 0.000000 0.000000 -1
0 14.000000 -18.000000 -3.000000 0.000000 0.000000 -1
0 -14.000000 -18.000000 -3.000000 0.000000 0.000000 -1
0 -14.000000 -18.000000 -2.000000 0.000000 0.000000 -1
0 -26.000000 16.000000 -3.000000 0.000000 0.000000 -1
0 -26.000000 16.000000 3.000000 0.000000 0.000000 -1
0 -16.000000 26.000000 3.000000 0.000000 0.000000 -1
0 -26.000000 16.000000 -3.000000 0.000000 0.000000 -1
0 -16.000000 26.000000 3.000000 0.000000 0.000000 -1
0 -16.000000 26.000000 -3.000000 0.000000 0.000000 -1
0 -26.000000 16.000000 3.000000 0.000000 0.000000 -1
0 -26.000000 16.000000 -3.000000 0.000000 0.000000 -1
0 -26.000000 -16.000000 -3.000000 0.000000 0.000000 -1
0 -26.000000 -16.000000 -3.000000 0.000000 0.000000 -1
0 -26.000000 -16.000000 3.000000 0.000000 0.000000 -1
0 -26.000000 16.000000 3.000000 0.000000 0.000000 -1
0 -16.000000 -26.000000 -3.000000 0.000000 0.000000 -1
0 -16.000000 -26.000000 3.000000 0.000000 0.000000 -1
0 -26.000000 -16.000000 3.000000 0.000000 0.000000 -1
0 -26.000000 -16.000000 3.000000 0.000000 0.000000 -1
0 -26.000000 -16.000000 -3.000000 0.000000 0.000000 -1
0 -16.000000 -26.000000 -3.000000 0.000000 0.000000 -1
0 -16.000000 26.000000 3.000000 0.000000 0.000000 -1
0 16.000000 26.000000 3.000000 0.000000 0.000000 -1
0 16.000000 26.000000 -3.000000 0.000000 0.000000 -1
0 16.000000 26.000000 -3.000000 0.000000 0.000000 -1
0 -16.000000 26.000000 -3.000000 0.000000 0.000000 -1
0 -16.000000 26.000000 3.000000 0.000000 0.000000 -1
0 16.000000 -26.000000 3.000000 0.000000 0.000000 -1
0 16.000000 -26.000000 -3.000000 0.000000 0.000000 -1
0 26.000000 -16.000000 -3.000000 0.000000 0.000000 -1
0 26.000000 -16.000000 3.000000 0.000000 0.000000 -1
0 16.000000 -26.000000 3.000000 0.000000 0.000000 -1
0 26.000000 -16.000000 -3.000000 0.000000 0.000000 -1
0 26.000000 -16.000000 3.000000 0.000000 0.000000 -1
0 26.000000 -16.000000 -3.000000 0.000000 0.000000 -1
0 26.000000 16.000000 -3.000000 0.000000 0.000000 -1
0 26.000000 16.000000 -3.000000 0.000000 0.000000 -1
0 26.000000 16.000000 3.000000 0.000000 0.000000 -1
0 26.000000 -16.000000 3.000000 0.000000 0.000000 -1
0 26.000000 16.000000 3.000000 0.000000 0.000000 -1
0 26.000000 16.000000 -3.000000 0.000000 0.000000 -1
0 16.000000 26.000000 -3.000000 0.000000 0.000000 -1
0 16.000000 26.000000 -3.000000 0.000000 0.000000 -1
0 16.000000 26.000000 3.000000 0.000000 0.000000 -1
0 26.000000 16.000000 3.000000 0.000000 0.000000 -1
0 -16.000000 -26.000000 3.000000 0.000000 0.000000 -1
0 -16.000000 -26.000000 -3.000000 0.000000 0.000000 -1
0 16.000000 -26.000000 -3.000000 0.000000 0.000000 -1
0 16.000000 -26.000000 -3.000000 0.000000 0.000000 -1
0 16.000000 -26.000000 3.000000 0.000000 0.000000 -1
0 -16.000000 -26.000000 3.000000 0.000000 0.000000 -1
80
-0.105570 -0.234867 0.966278
-0.419330 -0.260070 0.869785
0.297516 0.184521 0.936716
0.128356 0.442764 0.887403
-0.812520 -0.475963 0.336557
-0.892863 -0.244078 0.378446
-0.416567 -0.808049 0.416567
-0.172371 -0.659908 0.731307
-0.349136 0.216535 0.911711
0.349136 -0.216535 0.911711
0.106815 -0.368458 0.923487
-0.128017 0.284805 0.949999
0.417271 -0.856989 0.302415
0.841993 -0.292403 0.453374
0.891806 -0.369398 0.261204
0.160482 -0.387437 0.907821
0.411643 -0.185029 0.892364
-0.411643 0.185030 0.892364
-0.091061 0.314115 0.945008
0.161559 -0.359427 0.919082
-0.417271 0.856989 0.302415
-0.854763 0.367001 0.367001
-0.812520 0.336557 0.475963
-0.200690 0.484508 0.851455
0.128017 0.284805 0.949999
0.478626 0.215137 0.851254
-0.359427 -0.161559 0.919082
-0.106815 -0.368458 0.923487
-0.841993 -0.453374 0.292403
-0.353063 -0.866425 0.353063
0.701960 0.411198 0.581522
0.910182 0.292890 0.292890
0.416567 0.808049 0.416567
0.205599 0.787122 0.581522
0.297516 0.184521 -0.936716
-0.419330 -0.260070 -0.869785
-0.105570 -0.234867 -0.966278
0.128356 0.442764 -0.887403
-0.416567 -0.808049 -0.416567
-0.892863 -0.244078 -0.378446
-0.812520 -0.475963 -0.336557
-0.172371 -0.659908 -0.731307
0.106815 -0.368458 -0.923487
0.349136 -0.216535 -0.911711
-0.349136 0.216535 -0.911711
-0.128017 0.284805 -0.949999
0.891806 -0.369398 -0.261204
0.841993 -0.292403 -0.453374
0.417271 -0.856989 -0.302415
0.160482 -0.387437 -0.907821
-0.091061 0.314115 -0.945008
-0.411643 0.185030 -0.892364
0.411643 -0.185029 -0.892364
0.161559 -0.359427 -0.919082
-0.812520 0.336557 -0.475963
-0.854763 0.367001 -0.367001
-0.417271 0.856989 -0.302415
-0.200690 0.484508 -0.851455
-0.359427 -0.161559 -0.919082
0.478626 0.215137 -0.851254
0.128017 0.284805 -0.949999
-0.106815 -0.368458 -0.923487
-0.482473 -0.803088 -0.349670
-0.910182 -0.292890 -0.292890
0.416567 0.808049 -0.416567
0.910182 0.292890 -0.292890
0.701960 0.411198 -0.581522
0.205599 0.787122 -0.581522
-0.842549 0.380861 -0.380861
-0.892863 0.244078 0.378446
-0.367001 0.854763 0.367001
-0.349670 0.803088 -0.482473
0.419793 0.804704 0.419793
0.417271 0.856989 -0.302415
0.416567 -0.808049 0.416567
0.302415 -0.856989 -0.417271
0.841993 -0.453374 -0.292403
0.910182 -0.292890 0.292890
0.892863 0.244078 -0.378446
0.842549 0.380861 0.380861
82
0 0 1 2 0 1 2 1
0 3 4 5 2 3 0 1
0 6 7 8 4 5 6 1
0 9 10 11 6 7 4 1
0 12 13 14 8 9 10 1
0 15 16 17 10 11 8 1
0 18 19 20 12 13 14 1
0 21 22 23 14 15 12 1
0 24 25 26 16 17 18 1
0 27 28 29 18 19 16 1
0 30 31 32 20 21 22 1
0 33 34 35 22 23 20 1
0 36 37 38 24 25 26 1
0 39 40 41 26 27 24 1
0 42 43 44 26 28 29 1
0 45 46 47 30 31 32 1
0 48 49 50 32 33 30 1
0 51 52 53 27 19 18 1
0 54 55 56 27 18 24 1
0 57 58 59 2 1 17 1
0 60 61 62 17 16 2 1
0 63 64 65 0 3 11 1
0 66 67 68 11 10 0 1
0 69 70 71 26 25 9 1
0 72 73 74 8 26 9 1
0 75 76 77 5 4 22 1
0 78 79 80 22 21 5 1
0 81 82 83 12 15 7 1
0 84 85 86 7 6 12 1
0 87 88 89 14 13 31 1
0 90 91 92 31 30 14 1
0 93 94 95 20 23 33 1
0 96 97 98 33 32 20 1
0 99 100 101 34 35 36 1
0 102 103 104 36 37 34 1
0 105 106 107 38 39 40 1
0 108 109 110 40 41 38 1
0 111 112 113 42 43 44 1
0 114 115 116 44 45 42 1
0 117 118 119 46 47 48 1
0 120 121 122 48 49 46 1
0 123 124 125 50 51 52 1
0 126 127 128 52 53 50 1
0 129 130 131 54 55 56 1
0 132 133 134 56 57 54 1
0 135 136 137 58 59 60 1
0 138 139 140 60 61 58 1
0 141 142 143 62 63 58 1
0 144 145 146 64 65 66 1
0 147 148 149 66 67 64 1
0 150 151 152 50 53 61 1
0 153 154 155 60 50 61 1
0 156 157 158 51 35 34 1
0 159 160 161 34 52 51 1
0 162 163 164 45 37 36 1
0 165 166 167 36 42 45 1
0 168 169 170 43 59 58 1
0 171 172 173 43 58 44 1
0 174 175 176 54 40 39 1
0 177 178 179 39 55 54 1
0 180 181 182 41 49 48 1
0 183 184 185 48 38 41 1
0 186 187 188 65 47 46 1
0 189 190 191 46 66 65 1
0 192 193 194 67 57 56 1
0 195 196 197 56 64 67 1
0 198 199 200 68 69 70 1
0 201 202 203 68 70 71 1
0 204 205 206 69 68 63 1
0 207 208 209 63 28 69 1
0 210 211 212 62 29 28 1
0 213 214 215 28 63 62 1
0 216 217 218 70 72 73 1
0 219 220 221 73 71 70 1
0 222 223 224 74 75 76 1
0 225 226 227 77 74 76 1
0 228 229 230 77 76 78 1
0 231 232 233 78 79 77 1
0 234 235 236 79 78 73 1
0 237 238 239 73 72 79 1
0 240 241 242 29 62 75 1
0 243 244 245 75 74 29 1
"Regroup12" 0 2
36
0 18.000000 -14.000000 2.000000 0.000000 0.000000 -1
0 18.000000 14.000000 2.000000 0.000000 0.000000 -1
0 14.000000 18.000000 2.000000 0.000000 0.000000 -1
0 14.000000 18.000000 2.000000 0.000000 0.000000 -1
0 14.000000 -18.000000 2.000000 0.000000 0.000000 -1
0 18.000000 -14.000000 2.000000 0.000000 0.000000 -1
0 14.000000 -18.000000 2.000000 0.000000 0.000000 -1
0 14.000000 18.000000 2.000000 0.000000 0.000000 -1
0 -14.000000 18.000000 2.000000 0.000000 0.000000 -1
0 -14.000000 18.000000 2.000000 0.000000 0.000000 -1
0 -14.000000 -18.000000 2.000000 0.000000 0.000000 -1
0 14.000000 -18.000000 2.000000 0.000000 0.000000 -1
0 -18.000000 -14.000000 2.000000 0.000000 0.000000 -1
0 -14.000000 -18.000000 2.000000 0.000000 0.000000 -1
0 -14.000000 18.000000 2.000000 0.000000 0.000000 -1
0 -14.000000 18.000000 2.000000 0.000000 0.000000 -1
0 -18.000000 14.000000 2.000000 0.000000 0.000000 -1
0 -18.000000 -14.000000 2.000000 0.000000 0.000000 -1
0 14.000000 18.000000 -2.000000 0.000000 0.000000 -1
0 18.000000 14.000000 -2.000000 0.000000 0.000000 -1
0 18.000000 -14.000000 -2.000000 0.000000 0.000000 -1
0 18.000000 -14.000000 -2.000000 0.000000 0.000000 -1
0 14.000000 -18.000000 -2.000000 0.000000 0.000000 -1
0 14.000000 18.000000 -2.000000 0.000000 0.000000 -1
0 -14.000000 18.000000 -2.000000 0.000000 0.000000 -1
0 14.000000 18.000000 -2.000000 0.000000 0.000000 -1
0 14.000000 -18.000000 -2.000000 0.000000 0.000000 -1
0 14.000000 -18.000000 -2.000000 0.000000 0.000000 -1
0 -14.000000 -18.000000 -2.000000 0.000000 0.000000 -1
0 -14.000000 18.000000 -2.000000 0.000000 0.000000 -1
0 -14.000000 18.000000 -2.000000 0.000000 0.000000 -1
0 -14.000000 -18.000000 -2.000000 0.000000 0.000000 -1
0 -18.000000 -14.000000 -2.000000 0.000000 0.000000 -1
0 -18.000000 -14.000000 -2.000000 0.000000 0.000000 -1
0 -18.000000 14.000000 -2.000000 0.000000 0.000000 -1
0 -14.000000 18.000000 -2.000000 0.000000 0.000000 -1
16
-0.812520 0.336557 0.475963
-0.812520 -0.475963 0.336557
-0.172371 -0.659908 0.731307
-0.200690 0.484508 0.851455
0.160482 -0.387437 0.907821
0.205599 0.787122 0.581522
0.701960 0.411198 0.581522
0.891806 -0.369398 0.261204
-0.172371 -0.659908 -0.731307
-0.812520 -0.475963 -0.336557
-0.812520 0.336557 -0.475963
-0.200690 0.484508 -0.851455
0.160482 -0.387437 -0.907821
0.205599 0.787122 -0.581522
0.701960 0.411198 -0.581522
0.891806 -0.369398 -0.261204
12
0 0 1 2 0 1 2 1
0 3 4 5 2 3 0 1
0 6 7 8 3 2 4 1
0 9 10 11 4 5 3 1
0 12 13 14 6 5 4 1
0 15 16 17 4 7 6 1
0 18 19 20 8 9 10 1
0 21 22 23 10 11 8 1
0 24 25 26 12 8 11 1
0 27 28 29 11 13 12 1
0 30 31 32 12 13 14 1
0 33 34 35 14 15 12 1

Materials: 3
"Material04"
0.200000 0.200000 0.200000 1.000000
0.800000 0.800000 0.800000 1.000000
0.000000 0.000000 0.000000 1.000000
0.000000 0.000000 0.000000 1.000000
0.000000
1.000000
"Black.png"
""
"Material05"
0.200000 0.200000 0.200000 1.000000
0.800000 0.800000 0.800000 1.000000
0.000000 0.000000 0.000000 1.000000
0.000000 0.000000 0.000000 1.000000
0.000000
1.000000
"White.png"
""
"Material06"
0.200000 0.200000 0.200000 1.000000
0.800000 0.800000 0.800000 1.000000
0.000000 0.000000 0.000000 1.000000
0.000000 0.000000 0.000000 1.000000
0.000000
1.000000
"Gray.png"
""

Bones: 0
GroupComments: 0
MaterialComments: 0
BoneComments: 0
ModelComment: 0
